-5.34602e-06
8.44646e-05
0.000204272
0.000319279
0.000402011
0.000420571
0.000329073
6.36809e-05
-0.000455338
-0.00131362
-0.00258518
-0.00430661
-0.00644584
-0.0088698
-0.0113191
-0.0134002
-0.0146055
-0.0143698
-0.0121642
-0.00761921
-0.000655212
0.00840822
0.0188016
0.029343
0.0385789
0.0450196
0.0474294
0.0451103
0.0381052
0.027258
0.0140966
0.000553225
-0.011419
-0.0202402
-0.0250071
-0.0256293
-0.0227678
-0.0176047
-0.0115168
-0.00575024
-0.00118093
0.00178849
0.00319437
0.00337789
0.00281214
0.00194779
0.00111543
0.000493548
0.000129435
-1.33881e-05
