-0.00177011
-0.00234429
-0.000509033
0.00476282
0.0115161
0.0136745
0.00344444
-0.0221061
-0.0536613
-0.0682354
-0.039295
0.0433773
0.155666
0.238735
0.224431
0.077309
-0.171538
-0.424539
-0.559124
-0.49131
-0.224941
0.143929
0.471766
0.63631
0.591112
0.37833
0.0981488
-0.143373
-0.278678
-0.295972
-0.228137
-0.126254
-0.0342649
0.0245323
0.0476611
0.0454401
0.0315011
0.0163909
0.00542996
-0.000383725
-0.00233712
-0.00223989
-0.00147591
-0.000765846
-0.000306596
-1.801e-05
0.000220338
0.000379467
0.000212557
-0.000559216
