-3.28321e-05
-6.7934e-05
-0.000131359
-0.000201201
-0.000228872
-0.000118184
0.000284518
0.00116949
0.00268912
0.00481705
0.00715872
0.00878226
0.00819114
0.00357886
-0.00655101
-0.0224701
-0.0423042
-0.0615802
-0.073725
-0.0717447
-0.050793
-0.0107695
0.0422362
0.0966363
0.138379
0.15547
0.142284
0.101838
0.0449593
-0.0134086
-0.0592494
-0.0838234
-0.0856858
-0.0698787
-0.0450349
-0.0198734
-0.00052273
0.0105451
0.0140317
0.0124353
0.00858213
0.00462721
0.00169955
4.68514e-05
-0.000594984
-0.000646108
-0.00046142
-0.000253456
-0.000109053
-4.06747e-05
