-3.85311e-05
-5.02854e-05
-7.3926e-05
-0.000109476
-0.00015637
-0.000212746
-0.000274532
-0.000334389
-0.000380614
-0.000396154
-0.000357969
-0.00023701
8.4271e-07
0.000392574
0.000974254
0.00177554
0.00281248
0.00407896
0.00553744
0.00711
0.00867118
0.0100441
0.0110021
0.0112765
0.010573
0.00859673
0.00508401
-0.000158587
-0.00721319
-0.0160111
-0.0263003
-0.0376258
-0.0493282
-0.0605647
-0.070354
-0.0776457
-0.0814091
-0.0807353
-0.0749424
-0.0636724
-0.0469675
-0.0253146
0.00034974
0.0286806
0.0580093
0.0864676
0.11214
0.133227
0.148211
0.155992
0.155992
0.148211
0.133227
0.11214
0.0864676
0.0580093
0.0286806
0.00034974
-0.0253146
-0.0469675
-0.0636724
-0.0749424
-0.0807353
-0.0814091
-0.0776457
-0.070354
-0.0605647
-0.0493282
-0.0376258
-0.0263003
-0.0160111
-0.00721319
-0.000158587
0.00508401
0.00859673
0.010573
0.0112765
0.0110021
0.0100441
0.00867118
0.00711
0.00553744
0.00407896
0.00281248
0.00177554
0.000974254
0.000392574
8.4271e-07
-0.00023701
-0.000357969
-0.000396154
-0.000380614
-0.000334389
-0.000274532
-0.000212746
-0.00015637
-0.000109476
-7.3926e-05
-5.02854e-05
-3.85311e-05
