0.000493225
0.000553088
0.000543359
0.000418687
0.000122664
-0.000402538
-0.00120224
-0.00229246
-0.00364307
-0.00516461
-0.00670314
-0.00804673
-0.00894533
-0.00914345
-0.00842147
-0.00663905
-0.00377218
6.43333e-05
0.00461529
0.00950696
0.0142904
0.0184996
0.0217154
0.023623
0.0240538
0.0230051
0.020634
0.0172285
0.0131619
0.00883913
0.0046441
0.000896697
-0.00217597
-0.00445133
-0.00590728
-0.00660566
-0.00666805
-0.006249
-0.00551111
-0.0046049
-0.00365528
-0.00275466
-0.00196186
-0.00130529
-0.00078879
-0.000398736
-0.000111182
0.000101341
0.000263728
0.000392901
