0.000510759
0.000577676
0.000585706
0.000488229
0.000225199
-0.000267544
-0.00104413
-0.0021309
-0.00350766
-0.00509212
-0.00673209
-0.0082098
-0.00926092
-0.00960812
-0.00900522
-0.00728522
-0.00440279
-0.000461864
0.00427912
0.00942809
0.0145047
0.0190035
0.0224643
0.0245371
0.0250305
0.0239345
0.0214159
0.0177867
0.0134537
0.00885841
0.0044189
0.000481046
-0.00271292
-0.00503693
-0.00647568
-0.0071053
-0.00706562
-0.00652995
-0.00567729
-0.00467048
-0.0036419
-0.00268681
-0.00186313
-0.00119579
-0.000683835
-0.00030841
-4.06337e-05
0.00015132
0.000296052
0.000413581
