-5.81435e-06, -7.00811e-06, -6.04346e-06, 4.82895e-05, 0.000132894, 0.000261478, 0.000387994, 2.4009e-05, -0.00101055, -0.00575833, -0.00866471, -0.0100166, 0.00249036, 0.0211086, 0.0477882, 0.099848, 0.101567, 0.069085, -0.118369, -0.251482, -0.372606, -0.425351, -0.302825, -0.0826061, 0.479673, 0.694104, 0.784962, 0.521464, 0.22278, -0.102519, -0.555303, -0.598189, -0.517315, -0.146369, 0.0396258, 0.170718, 0.222533, 0.167797, 0.092456, -0.0306604, -0.0559826, -0.057756, -0.0240891, -0.00577562, 0.00653131, 0.0113876, 0.00781634, 0.00349066, -0.00183815, -0.0022717
-9.38504e-06, -5.98529e-06, -6.21636e-06, 2.69871e-06, 3.33994e-05, 0.000101833, 0.00034183, 0.00038798, 0.000157884, -0.00224199, -0.00472802, -0.00760035, -0.00832012, -0.00117673, 0.0141636, 0.0665847, 0.0919267, 0.101614, 0.0230965, -0.0760228, -0.202592, -0.419871, -0.436225, -0.353092, 0.0930123, 0.378052, 0.621452, 0.758021, 0.606491, 0.339329, -0.283944, -0.501712, -0.595572, -0.420341, -0.225017, -0.0272205, 0.2167, 0.233745, 0.194381, 0.0474881, -0.0138099, -0.0499946, -0.0516035, -0.0327491, -0.0126956, 0.0108257, 0.0124581, 0.00976358, 0.00129395, -0.00133443
-7.39578e-14, -1.06803e-05, -7.33913e-06, -5.63976e-06, -9.67037e-08, 2.23707e-05, 0.000172703, 0.000294547, 0.000370595, -0.000338733, -0.00164662, -0.00381148, -0.00884289, -0.00880938, -0.00387551, 0.0291125, 0.0560749, 0.0828509, 0.0901097, 0.0458379, -0.0386478, -0.283791, -0.389182, -0.434302, -0.240793, -0.00585378, 0.273668, 0.718442, 0.770246, 0.673243, 0.139404, -0.175873, -0.430316, -0.585992, -0.482348, -0.302966, 0.075716, 0.19199, 0.236119, 0.154293, 0.0769512, 0.00745395, -0.0601161, -0.057839, -0.041541, -0.00265307, 0.0087071, 0.0128549, 0.00740533, 0.00287655
5.67762e-05, -1.34541e-05, -1.41889e-05, -6.3964e-06, -5.27562e-06, -1.64862e-06, 5.69236e-05, 0.000137401, 0.000249516, 0.000289271, -0.000124597, -0.00116402, -0.00554096, -0.00800877, -0.00885272, 0.00381913, 0.0214266, 0.0461522, 0.0932496, 0.0939937, 0.063122, -0.112181, -0.237196, -0.352363, -0.410173, -0.300079, -0.0958887, 0.442916, 0.658662, 0.761376, 0.538931, 0.25731, -0.0605747, -0.531972, -0.594439, -0.532336, -0.177652, 0.0135697, 0.155907, 0.231639, 0.182928, 0.10813, -0.0248171, -0.0560553, -0.0619752, -0.0294768, -0.00927891, 0.00527503, 0.0129327, 0.00951254
0.000212795, 1.38005e-05, -1.47612e-05, -1.30549e-05, -7.71124e-06, -5.16833e-06, 8.95571e-06, 4.15269e-05, 0.000107837, 0.000307828, 0.000308465, 2.77909e-05, -0.00233117, -0.00461091, -0.0071081, -0.00694028, 0.000224344, 0.0148698, 0.0633336, 0.0862011, 0.0943612, 0.0200421, -0.0726488, -0.191322, -0.398848, -0.418533, -0.345436, 0.070302, 0.344131, 0.584939, 0.746196, 0.615798, 0.367808, -0.243805, -0.472233, -0.584046, -0.443776, -0.255748, -0.0560771, 0.209805, 0.238939, 0.207716, 0.0612969, -0.00539575, -0.0477877, -0.0571549, -0.0386188, -0.0171157, 0.0107228, 0.0137243
0.000473584, 0.000127677, 2.89094e-05, -2.34443e-05, -1.77863e-05, -1.01494e-05, -2.69578e-06, 5.33643e-06, 2.98587e-05, 0.000171137, 0.000270889, 0.000307925, -0.000482511, -0.0017593, -0.00377157, -0.00804707, -0.00757777, -0.00247635, 0.0288254, 0.0537087, 0.0780401, 0.0831826, 0.0413681, -0.0377423, -0.26815, -0.369058, -0.415101, -0.24224, -0.0227748, 0.243659, 0.686247, 0.751609, 0.674405, 0.175587, -0.135004, -0.396006, -0.586547, -0.500345, -0.331666, 0.0518841, 0.179905, 0.23678, 0.169887, 0.0921678, 0.0182991, -0.0611267, -0.0626058, -0.047586, -0.00582361, 0.00779653
0.000625854, 0.00038406, 0.000185901, -1.10709e-05, -2.87209e-05, -2.40218e-05, -6.8123e-06, -2.90095e-06, 3.09917e-06, 6.39569e-05, 0.000138868, 0.000233978, 0.00019597, -0.000256378, -0.00128844, -0.00530546, -0.0073781, -0.00778178, 0.00496082, 0.0216211, 0.0445699, 0.0872204, 0.0870945, 0.0576626, -0.106677, -0.224256, -0.333773, -0.395408, -0.2964, -0.106968, 0.4087, 0.624446, 0.737103, 0.552814, 0.288409, -0.0207189, -0.50664, -0.587402, -0.543947, -0.208227, -0.0135189, 0.138873, 0.23876, 0.197156, 0.124066, -0.0175466, -0.054908, -0.0655173, -0.03528, -0.0134072
3.14063e-12, 0.000703076, 0.000502432, 9.05821e-05, -2.30272e-06, -3.35361e-05, -1.97177e-05, -9.24051e-06, -3.35672e-06, 1.51685e-05, 4.85065e-05, 0.000111317, 0.000271646, 0.000231842, -8.97481e-05, -0.00238857, -0.00446987, -0.00662467, -0.00569607, 0.00144755, 0.0154274, 0.0602985, 0.0809497, 0.0877459, 0.0171953, -0.0696893, -0.18115, -0.379312, -0.401633, -0.337371, 0.0502311, 0.312916, 0.550199, 0.732541, 0.621883, 0.39273, -0.204528, -0.441528, -0.569675, -0.464339, -0.285064, -0.0852906, 0.200426, 0.241862, 0.219679, 0.0759145, 0.00437277, -0.0442278, -0.0623957, -0.0447318
-0.00253796, 0.000610171, 0.0008184, 0.000369782, 0.000145926, 1.50867e-05, -4.11366e-05, -2.7624e-05, -1.33371e-05, 1.0817e-06, 1.10588e-05, 3.66263e-05, 0.00016649, 0.000244597, 0.000246256, -0.000606287, -0.00184293, -0.00370473, -0.00729652, -0.00645613, -0.00123951, 0.028472, 0.0514705, 0.073606, 0.0768589, 0.0372513, -0.0370106, -0.253895, -0.350463, -0.396977, -0.242463, -0.0373846, 0.21637, 0.654804, 0.731872, 0.672846, 0.208688, -0.0957444, -0.361285, -0.583819, -0.515167, -0.358326, 0.0267809, 0.165536, 0.235012, 0.184798, 0.107814, 0.0303287, -0.0610012, -0.0668003
-0.00778792, -0.000960603, 0.000474743, 0.000803187, 0.000503942, 0.000224951, -3.53385e-05, -5.13338e-05, -3.80886e-05, -6.73317e-06, 4.73425e-07, 8.47596e-06, 6.94393e-05, 0.000137621, 0.000215625, 0.000108642, -0.000372299, -0.0013872, -0.00505752, -0.00677422, -0.00679644, 0.00594064, 0.0217126, 0.0430409, 0.081695, 0.0807935, 0.0526571, -0.101758, -0.212501, -0.316672, -0.381109, -0.291994, -0.116138, 0.376908, 0.591564, 0.712453, 0.563451, 0.316202, 0.0169015, -0.479747, -0.577421, -0.552261, -0.23776, -0.041259, 0.119898, 0.24378, 0.210234, 0.139998, -0.00890572, -0.0524701
-0.0141905, -0.00527554, -0.00179608, 0.000961297, 0.000973733, 0.000669862, 9.4691e-05, -2.66471e-05, -6.12413e-05, -2.88994e-05, -1.07893e-05, -5.04578e-07, 2.15215e-05, 5.44155e-05, 0.000112493, 0.000234177, 0.000158824, -0.000195126, -0.00241896, -0.00431056, -0.0061532, -0.0045733, 0.00251554, 0.0158589, 0.0574586, 0.0761193, 0.0816963, 0.0145458, -0.067078, -0.171937, -0.361147, -0.385522, -0.329044, 0.0325181, 0.28423, 0.517248, 0.717431, 0.625116, 0.414306, -0.166396, -0.410017, -0.55285, -0.481985, -0.312702, -0.114489, 0.188732, 0.242479, 0.23007, 0.0911126, 0.0153817
-0.0153538, -0.0121852, -0.00715905, -0.000278123, 0.000926488, 0.00113929, 0.000478757, 0.000169551, -5.59216e-06, -6.691e-05, -4.16541e-05, -1.74191e-05, 6.07685e-06, 1.7366e-05, 4.28191e-05, 0.000159196, 0.000216432, 0.000186356, -0.000711743, -0.00190142, -0.0036163, -0.00658997, -0.00543418, -0.000145577, 0.0280658, 0.0493504, 0.069508, 0.0710732, 0.0334573, -0.036416, -0.240872, -0.333258, -0.379882, -0.241682, -0.0499603, 0.191578, 0.624264, 0.71136, 0.668945, 0.23877, -0.0582825, -0.326526, -0.578095, -0.526873, -0.382764, 0.000762615, 0.149123, 0.230864, 0.198781, 0.123637
-4.50581e-11, -0.0174298, -0.0145922, -0.00445137, -0.00101274, 0.000761066, 0.0010885, 0.000664357, 0.000277986, -7.02326e-05, -8.41076e-05, -5.844e-05, -6.22809e-06, 5.21281e-06, 1.48743e-05, 7.35462e-05, 0.000133989, 0.000195078, 2.75816e-05, -0.000473399, -0.00146334, -0.00480171, -0.00619794, -0.00588987, 0.00678001, 0.0217181, 0.0415646, 0.0766175, 0.0750248, 0.0480612, -0.0973417, -0.201792, -0.300913, -0.367311, -0.28703, -0.123657, 0.347415, 0.560082, 0.687688, 0.57117, 0.340843, 0.0521978, -0.451695, -0.564839, -0.557433, -0.265969, -0.0692927, 0.0992766, 0.246636, 0.221954
0.0417359, -0.0109858, -0.0180746, -0.0119174, -0.00635871, -0.00207286, 0.00134448, 0.001322, 0.000892597, 0.000101026, -6.0721e-05, -0.000100905, -4.21298e-05, -1.27712e-05, 3.65481e-06, 2.837e-05, 5.94802e-05, 0.000111635, 0.000196107, 8.9867e-05, -0.000288882, -0.00242648, -0.00413766, -0.00569592, -0.00355951, 0.00344765, 0.016183, 0.0547962, 0.0716644, 0.0761501, 0.0120826, -0.0647601, -0.163567, -0.34424, -0.37019, -0.320573, 0.0169085, 0.257896, 0.486078, 0.701192, 0.625845, 0.432765, -0.12963, -0.378069, -0.533948, -0.496726, -0.338453, -0.143337, 0.174925, 0.240806
0.104854, 0.0195195, -0.00593618, -0.018948, -0.0146526, -0.00867649, -0.000207614, 0.0012988, 0.00154406, 0.000627516, 0.0002042, -3.30933e-05, -0.000103976, -6.20941e-05, -2.33083e-05, 1.27612e-05, 2.47272e-05, 4.87543e-05, 0.000149656, 0.00018699, 0.000128754, -0.000800508, -0.00193818, -0.00351072, -0.00592586, -0.00450271, 0.000822222, 0.0276177, 0.0473399, 0.0657111, 0.0657686, 0.0299586, -0.0359293, -0.228943, -0.317318, -0.363763, -0.24008, -0.0607478, 0.169071, 0.594736, 0.690346, 0.663047, 0.265933, -0.0227503, -0.292046, -0.569676, -0.535568, -0.404858, -0.0258304, 0.130927
0.156425, 0.0775097, 0.0333859, -0.0155514, -0.0203406, -0.0174344, -0.00541136, -0.00115488, 0.00107556, 0.00145746, 0.000880883, 0.000354128, -0.00011779, -0.00013055, -8.8019e-05, -5.61396e-06, 1.17086e-05, 2.28545e-05, 7.65858e-05, 0.000128316, 0.000172841, -4.7128e-05, -0.000560758, -0.00151963, -0.00454169, -0.00564946, -0.00505576, 0.00749717, 0.021652, 0.0401401, 0.0719398, 0.0697316, 0.0438355, -0.0933592, -0.192007, -0.286366, -0.354035, -0.281646, -0.129747, 0.320085, 0.530035, 0.663017, 0.57628, 0.362506, 0.0851298, -0.422848, -0.549996, -0.559652, -0.292625, -0.0972914
0.138568, 0.142232, 0.0978034, 0.0117567, -0.011524, -0.0207241, -0.0143876, -0.00777045, -0.00251107, 0.00179799, 0.00176282, 0.00118849, 0.000115012, -0.000105021, -0.000155903, -6.17621e-05, -1.60506e-05, 9.29891e-06, 3.62805e-05, 6.41012e-05, 0.000109081, 0.000157937, 2.52086e-05, -0.000371662, -0.00241468, -0.00395496, -0.00525435, -0.00264367, 0.00426051, 0.0164156, 0.0522954, 0.0675456, 0.0710534, 0.00979448, -0.0626908, -0.155938, -0.32849, -0.355613, -0.312049, 0.00317282, 0.233739, 0.456656, 0.684107, 0.624391, 0.448341, -0.0943978, -0.346008, -0.513323, -0.508621, -0.362163
1.99762e-10, 0.163082, 0.15724, 0.068927, 0.0248947, -0.00508196, -0.0221368, -0.0175615, -0.0105918, -0.000210655, 0.00171551, 0.00204272, 0.000832417, 0.000259017, -6.55226e-05, -0.000156315, -9.21304e-05, -3.25973e-05, 2.16641e-05, 3.38208e-05, 5.4962e-05, 0.000138254, 0.000156722, 7.37662e-05, -0.000874144, -0.00195624, -0.00339172, -0.0053024, -0.00365342, 0.0016784, 0.0271371, 0.0454313, 0.0621849, 0.0608951, 0.0267298, -0.0355275, -0.217992, -0.302529, -0.348567, -0.237812, -0.0699647, 0.148653, 0.566294, 0.669062, 0.655462, 0.290299, 0.0107688, -0.258111, -0.558863, -0.541391
-0.252487, 0.0794439, 0.154201, 0.138413, 0.0897151, 0.0409642, -0.0166949, -0.023368, -0.0206837, -0.00669597, -0.00144356, 0.00139265, 0.00192685, 0.00117251, 0.000466552, -0.000179081, -0.000194591, -0.000130767, -5.6918e-06, 2.02773e-05, 3.31496e-05, 7.90429e-05, 0.000120992, 0.000149323, -0.000115585, -0.000635477, -0.00155851, -0.00428036, -0.00512861, -0.0042883, 0.00810773, 0.0215261, 0.0387661, 0.0676201, 0.0648641, 0.0399449, -0.0897525, -0.183043, -0.272913, -0.341288, -0.275958, -0.134605, 0.294785, 0.501433, 0.638612, 0.579076, 0.381378, 0.115697, -0.393529, -0.533221
-0.519348, -0.132494, 0.0328484, 0.171454, 0.155982, 0.111446, 0.0163913, -0.0113553, -0.023281, -0.0173244, -0.00958292, -0.00317924, 0.00231214, 0.00230826, 0.0015775, 0.000145723, -0.000158154, -0.000229461, -9.12035e-05, -2.2223e-05, 1.63381e-05, 4.60631e-05, 6.89068e-05, 0.000105279, 0.000120014, -3.51033e-05, -0.000444199, -0.00238665, -0.00376557, -0.0048295, -0.00181603, 0.00496847, 0.0165701, 0.0499425, 0.0637288, 0.0663593, 0.00767015, -0.0608328, -0.148963, -0.313804, -0.341767, -0.303547, -0.00889474, 0.211594, 0.428931, 0.666417, 0.621046, 0.461265, -0.0608208, -0.314114
-0.634333, -0.41258, -0.209851, 0.105197, 0.16717, 0.169537, 0.0807516, 0.0317632, -0.00323001, -0.0255013, -0.0209133, -0.0129662, -0.000343491, 0.00215273, 0.00263922, 0.00111346, 0.000347388, -9.81092e-05, -0.000228414, -0.00013604, -4.78447e-05, 3.32561e-05, 4.55321e-05, 6.22371e-05, 0.000125405, 0.00012597, 2.15277e-05, -0.000934148, -0.00195824, -0.00326239, -0.00471769, -0.00287888, 0.00243557, 0.0266315, 0.0436175, 0.0589031, 0.0564092, 0.023748, -0.0351923, -0.207914, -0.288789, -0.334242, -0.235008, -0.077803, 0.130137, 0.538983, 0.647699, 0.646468, 0.312009, 0.0422314
-0.460062, -0.614421, -0.485645, -0.0920534, 0.06361, 0.153204, 0.152772, 0.103195, 0.0501237, -0.0172017, -0.0263698, -0.0242999, -0.0083804, -0.00194784, 0.00167258, 0.00251073, 0.00156056, 0.000632807, -0.000253262, -0.000280071, -0.000191577, -8.03863e-06, 3.09676e-05, 4.66081e-05, 8.16423e-05, 0.000112506, 0.000124875, -0.000178046, -0.000698669, -0.00158221, -0.00402001, -0.00463489, -0.00358215, 0.00862509, 0.0213505, 0.0374413, 0.0636221, 0.0603789, 0.0363581, -0.0864728, -0.17481, -0.260451, -0.329071, -0.270059, -0.138401, 0.271382, 0.474263, 0.614608, 0.579829, 0.39765
-1.81003e-10, -0.575139, -0.633365, -0.371711, -0.16714, 0.0106653, 0.177454, 0.169265, 0.125985, 0.022494, -0.010254, -0.0255614, -0.020736, -0.0118616, -0.0041544, 0.00286495, 0.00296438, 0.00207988, 0.00020664, -0.000215787, -0.000323884, -0.000135042, -3.39132e-05, 2.4155e-05, 5.87656e-05, 7.48118e-05, 0.000100854, 8.25547e-05, -9.11885e-05, -0.000507303, -0.00234503, -0.00357202, -0.00442192, -0.00106794, 0.00558391, 0.0166579, 0.0477252, 0.0601842, 0.0620269, 0.00569861, -0.0591552, -0.142567, -0.300094, -0.328623, -0.295123, -0.0194784, 0.191302, 0.402846, 0.648328, 0.616078
0.561921, -0.22903, -0.507135, -0.596194, -0.448482, -0.24724, 0.0920301, 0.168422, 0.180633, 0.0939355, 0.0402141, -0.000169656, -0.0289071, -0.0246754, -0.0158451, -0.000675202, 0.00257229, 0.00332816, 0.00149321, 0.000487258, -0.000122204, -0.000324727, -0.000199142, -7.28226e-05, 4.77427e-05, 6.08884e-05, 7.16759e-05, 0.000111612, 9.49991e-05, -2.79859e-05, -0.000981959, -0.00194651, -0.00312529, -0.00416978, -0.00217239, 0.00310474, 0.0261073, 0.0418921, 0.0558424, 0.0522726, 0.020992, -0.0349089, -0.198619, -0.276006, -0.320734, -0.231779, -0.0844322, 0.113355, 0.512829, 0.626414
0.946313, 0.314667, -0.0880076, -0.600409, -0.625668, -0.51683, -0.124842, 0.0440669, 0.148863, 0.166873, 0.117698, 0.0608601, -0.0168473, -0.0291692, -0.0282041, -0.010534, -0.00274567, 0.00186093, 0.00321736, 0.00206687, 0.000874507, -0.000336508, -0.000389946, -0.000276011, -1.53174e-05, 4.32858e-05, 6.40548e-05, 8.54142e-05, 0.000103526, 9.98493e-05, -0.000234909, -0.000751468, -0.00159273, -0.00376241, -0.00416759, -0.00293241, 0.00906083, 0.0211337, 0.0361642, 0.0599142, 0.0562383, 0.0330472, -0.0834787, -0.167228, -0.248888, -0.317376, -0.264025, -0.14128, 0.249745, 0.448502
0.946313, 0.803984, 0.465871, -0.301471, -0.546298, -0.633608, -0.408434, -0.203276, -0.0148747, 0.180846, 0.181581, 0.141069, 0.0301678, -0.00800667, -0.0273573, -0.0245978, -0.0146571, -0.0055164, 0.00342019, 0.00372812, 0.00271356, 0.000315966, -0.000269626, -0.000439566, -0.000198998, -5.50316e-05, 3.12839e-05, 7.56039e-05, 8.30571e-05, 9.6691e-05, 4.57035e-05, -0.00014331, -0.000561856, -0.00229213, -0.00337636, -0.00403184, -0.00039169, 0.00611762, 0.0166887, 0.0456326, 0.0568858, 0.0580205, 0.00386934, -0.0576324, -0.136687, -0.287282, -0.316149, -0.286822, -0.0287428, 0.172716
0.561921, 0.985303, 0.887212, 0.217451, -0.170582, -0.467751, -0.611646, -0.481489, -0.284906, 0.0751943, 0.166524, 0.190038, 0.108257, 0.0502627, 0.00427613, -0.032185, -0.0287779, -0.0192499, -0.00128421, 0.0029213, 0.00409201, 0.00199497, 0.00070083, -0.000124505, -0.000448875, -0.000287508, -0.000112654, 6.47759e-05, 8.09116e-05, 8.4668e-05, 9.75597e-05, 6.40749e-05, -7.49196e-05, -0.00101898, -0.00192314, -0.00298257, -0.0036567, -0.00152789, 0.00369553, 0.0255696, 0.0402495, 0.0529827, 0.0484515, 0.0184428, -0.0346658, -0.190028, -0.264097, -0.307993, -0.228216, -0.0900013
-1.81004e-10, 0.762373, 0.955954, 0.724017, 0.369213, -0.0273149, -0.577498, -0.630885, -0.543926, -0.159426, 0.0211112, 0.141026, 0.180237, 0.1329, 0.0730866, -0.0154168, -0.0315644, -0.0322796, -0.0132122, -0.00391852, 0.00189001, 0.00404607, 0.00271121, 0.00121628, -0.00042098, -0.000525285, -0.000389741, -3.15425e-05, 5.58621e-05, 8.60613e-05, 9.17377e-05, 9.49894e-05, 7.46818e-05, -0.000286695, -0.000795036, -0.0015919, -0.00350895, -0.00372581, -0.00233457, 0.00942493, 0.0208828, 0.0349332, 0.0564686, 0.0524086, 0.0299871, -0.0807348, -0.160231, -0.238142, -0.306194, -0.257918
-0.460062, 0.25802, 0.638237, 0.962629, 0.820277, 0.51181, -0.24707, -0.512677, -0.627752, -0.442815, -0.240092, -0.0432834, 0.1813, 0.19245, 0.156292, 0.0394471, -0.00442996, -0.0284504, -0.0288488, -0.0179974, -0.00734101, 0.00392687, 0.00458447, 0.00349118, 0.000496337, -0.000306645, -0.000573894, -0.000289629, -9.09156e-05, 3.50782e-05, 9.78071e-05, 9.52019e-05, 9.40145e-05, 9.60081e-06, -0.000191838, -0.000608817, -0.00222997, -0.00318024, -0.00365923, 0.000219579, 0.00657897, 0.0166708, 0.0436551, 0.0538107, 0.0543087, 0.00217229, -0.0562427, -0.131266, -0.275295, -0.304312
-0.634333, -0.267155, 0.106555, 0.810769, 0.95315, 0.889394, 0.273071, -0.112671, -0.424914, -0.62147, -0.510961, -0.322018, 0.0549225, 0.161293, 0.197315, 0.123421, 0.0618465, 0.0102357, -0.0351409, -0.0331135, -0.0231722, -0.00225309, 0.00313342, 0.00489925, 0.00264026, 0.00101353, -8.67233e-05, -0.000602634, -0.000407405, -0.000173762, 8.31093e-05, 0.00010638, 0.00010282, 8.4213e-05, 3.35498e-05, -0.000119483, -0.00104661, -0.00188999, -0.00283604, -0.00317646, -0.000939915, 0.00421641, 0.0250227, 0.0386843, 0.050306, 0.044916, 0.0160831, -0.0344536, -0.18207, -0.252986
-0.519348, -0.577168, -0.372759, 0.355059, 0.703109, 0.913592, 0.746664, 0.417882, 0.0310984, -0.549645, -0.630267, -0.566505, -0.19506, -0.00483918, 0.129682, 0.192401, 0.148427, 0.0866382, -0.0127217, -0.0333419, -0.0363755, -0.0164495, -0.00554474, 0.00168193, 0.00498453, 0.00350836, 0.00168398, -0.000494042, -0.000684168, -0.00053774, -6.22264e-05, 6.61077e-05, 0.000112636, 0.000102335, 8.81888e-05, 5.00016e-05, -0.000334011, -0.000830575, -0.00158145, -0.00326068, -0.00330857, -0.00178447, 0.00972607, 0.0206039, 0.0337468, 0.0532608, 0.0488605, 0.0271555, -0.0782112, -0.153757
-0.252487, -0.587445, -0.600277, -0.167511, 0.20825, 0.578923, 0.938515, 0.829704, 0.551145, -0.19246, -0.475246, -0.616263, -0.474203, -0.276806, -0.0739881, 0.178602, 0.201442, 0.171223, 0.0502929, 0.000615456, -0.0286265, -0.033392, -0.0218821, -0.00969264, 0.00432041, 0.00550462, 0.00441703, 0.000773824, -0.000308727, -0.000720206, -0.000413773, -0.000148284, 3.14285e-05, 0.000126372, 0.000113047, 9.44405e-05, -2.55167e-05, -0.000237193, -0.00064921, -0.00216034, -0.00298501, -0.00330386, 0.000772027, 0.00697616, 0.0166112, 0.0417838, 0.0509387, 0.0508637, 0.000598037, -0.0549682
1.99762e-10, -0.378639, -0.540743, -0.517637, -0.281581, 0.0656172, 0.756204, 0.918253, 0.885589, 0.323629, -0.0562142, -0.379659, -0.625761, -0.536431, -0.357827, 0.0315655, 0.152675, 0.202112, 0.139083, 0.0748283, 0.0177783, -0.0375667, -0.0375415, -0.0275699, -0.00366232, 0.00313175, 0.00570373, 0.00344597, 0.00145229, 1.41668e-05, -0.000784832, -0.000564475, -0.000263583, 0.000100247, 0.000137509, 0.000127791, 7.29085e-05, 3.97782e-06, -0.000161871, -0.00106624, -0.00184881, -0.00268721, -0.00272714, -0.000403506, 0.00467483, 0.0244704, 0.0371916, 0.0477965, 0.0416398, 0.0138971
0.138568, -0.111175, -0.304811, -0.584685, -0.556217, -0.376423, 0.303861, 0.646829, 0.870188, 0.76267, 0.460637, 0.0865326, -0.517706, -0.624163, -0.584328, -0.23101, -0.0332799, 0.114948, 0.202937, 0.163872, 0.101282, -0.00861298, -0.0342897, -0.0403147, -0.0202533, -0.00769261, 0.00115333, 0.00600685, 0.00446516, 0.00230233, -0.000537893, -0.000860648, -0.000723262, -0.000114339, 6.99262e-05, 0.00014286, 0.000119192, 8.48299e-05, 2.67422e-05, -0.000377498, -0.000859326, -0.00156301, -0.00301841, -0.00291478, -0.00127829, 0.00997181, 0.0203022, 0.0326033, 0.0502694, 0.0455679
0.156425, 0.0820269, -0.0514383, -0.41901, -0.55157, -0.573426, -0.188072, 0.164305, 0.523725, 0.91107, 0.833125, 0.584138, -0.138543, -0.434948, -0.599716, -0.502104, -0.312699, -0.106371, 0.172657, 0.208193, 0.185432, 0.0625955, 0.0072148, -0.0276903, -0.0380972, -0.0262787, -0.0126176, 0.00452535, 0.0064453, 0.00548446, 0.00117626, -0.000252891, -0.000866993, -0.000577734, -0.000234952, 1.46038e-05, 0.000161738, 0.000138467, 9.99755e-05, -5.91982e-05, -0.000279765, -0.000684102, -0.00208492, -0.0027918, -0.00296537, 0.00127119, 0.00731641, 0.0165162, 0.040011, 0.048252
0.104854, 0.153242, 0.108659, -0.164759, -0.350961, -0.505882, -0.503232, -0.291842, 0.0303136, 0.70368, 0.88157, 0.876758, 0.368977, -0.00193626, -0.332932, -0.624765, -0.557603, -0.391688, 0.00556092, 0.140732, 0.204165, 0.154863, 0.089005, 0.0269096, -0.0392537, -0.0418944, -0.032367, -0.00558362, 0.00283325, 0.00644558, 0.00442146, 0.00204322, 0.000205021, -0.000990309, -0.000762733, -0.000390014, 0.000112146, 0.000173582, 0.000161041, 6.54173e-05, -2.37659e-05, -0.000202153, -0.0010793, -0.00180126, -0.00253743, -0.00230684, 8.58584e-05, 0.00507739, 0.0239155, 0.0357669
0.0417359, 0.130294, 0.150982, 0.0416474, -0.102737, -0.282268, -0.551933, -0.535141, -0.37703, 0.257925, 0.593783, 0.826531, 0.772748, 0.497605, 0.13849, -0.482528, -0.61304, -0.59732, -0.266591, -0.0636554, 0.0970501, 0.211478, 0.178824, 0.116731, -0.00299079, -0.0342107, -0.0439035, -0.0246008, -0.0104139, 0.000220916, 0.00707291, 0.00557791, 0.00309218, -0.000529758, -0.00104394, -0.000946756, -0.000196031, 6.15469e-05, 0.000174524, 0.000144396, 8.7033e-05, 6.2472e-06, -0.000417747, -0.000882554, -0.00153821, -0.00278276, -0.00254332, -0.000812462, 0.0101688, 0.0199819
-4.50581e-11, 0.0702574, 0.114554, 0.136905, 0.0746933, -0.0479259, -0.390141, -0.518572, -0.547464, -0.204279, 0.125643, 0.47264, 0.88121, 0.831376, 0.611165, -0.0860529, -0.392662, -0.578749, -0.526175, -0.347135, -0.139802, 0.16348, 0.212424, 0.198511, 0.0761807, 0.0153939, -0.0254771, -0.0428072, -0.0311219, -0.0161387, 0.00445944, 0.00734952, 0.00667399, 0.00173103, -0.000112144, -0.000997498, -0.000786292, -0.000359294, -2.27242e-05, 0.000203416, 0.000173156, 0.000112942, -9.06536e-05, -0.000319803, -0.000714554, -0.00200528, -0.00260157, -0.00264328, 0.00172205, 0.00760606
-0.0153538, 0.0180202, 0.0548499, 0.133692, 0.140619, 0.0991948, -0.152759, -0.326379, -0.47414, -0.488022, -0.29868, -7.20592e-06, 0.653543, 0.84389, 0.863784, 0.409123, 0.0496181, -0.285573, -0.618845, -0.574336, -0.42307, -0.0225969, 0.125634, 0.203311, 0.170373, 0.10412, 0.0375711, -0.0400046, -0.045987, -0.0374555, -0.00807382, 0.00215395, 0.00705347, 0.00556603, 0.00280904, 0.000515001, -0.00120911, -0.00100349, -0.000560624, 0.000113044, 0.000212584, 0.000203495, 6.39505e-05, -4.83762e-05, -0.000240153, -0.00108719, -0.00174894, -0.00238793, -0.00191372, 0.000532308
-0.0141905, -0.00916994, 0.00922812, 0.0822888, 0.120998, 0.138932, 0.0375097, -0.0956081, -0.262383, -0.52147, -0.514259, -0.375225, 0.216846, 0.544085, 0.78324, 0.777612, 0.529032, 0.186647, -0.44492, -0.597435, -0.605549, -0.301184, -0.0953895, 0.0762999, 0.21773, 0.19289, 0.132661, 0.00418969, -0.0329346, -0.0469427, -0.0294372, -0.0137386, -0.00119253, 0.00812891, 0.00683049, 0.00406784, -0.000442672, -0.00121801, -0.00120483, -0.000316113, 3.35387e-05, 0.00020382, 0.000179873, 9.7261e-05, -9.66038e-06, -0.000455192, -0.000901494, -0.00150865, -0.00255428, -0.0021931
-0.00778792, -0.015085, -0.0116095, 0.029208, 0.0670568, 0.106948, 0.125555, 0.0679306, -0.0451448, -0.364251, -0.488228, -0.522538, -0.216815, 0.0917345, 0.425569, 0.849706, 0.825241, 0.632672, -0.0355683, -0.349183, -0.554028, -0.546215, -0.37958, -0.17367, 0.151188, 0.213941, 0.210092, 0.0908216, 0.0251185, -0.0218624, -0.0473459, -0.0363153, -0.0202514, 0.00403853, 0.00814861, 0.0079524, 0.00246256, 0.000143086, -0.00108982, -0.00104163, -0.000529475, -8.9231e-05, 0.000249609, 0.000218296, 0.000135812, -0.000118642, -0.00035729, -0.000741541, -0.00192296, -0.00241523
-0.00253796, -0.0107513, -0.0141477, -0.00294704, 0.019139, 0.053011, 0.123896, 0.129297, 0.0905881, -0.14236, -0.30447, -0.445211, -0.47238, -0.302717, -0.0259445, 0.606004, 0.805851, 0.847461, 0.444199, 0.0980627, -0.238303, -0.608441, -0.586619, -0.451565, -0.0523854, 0.107635, 0.19948, 0.185231, 0.119877, 0.0496453, -0.0396448, -0.0496263, -0.0427003, -0.0111696, 0.00101464, 0.00744808, 0.006867, 0.00376638, 0.00097356, -0.00142602, -0.00128431, -0.000781704, 9.54612e-05, 0.00025088, 0.000255169, 7.10906e-05, -6.80435e-05, -0.000275318, -0.00109131, -0.00169346
3.14063e-12, -0.0048585, -0.00907921, -0.0134462, -0.00673801, 0.0108576, 0.077892, 0.112629, 0.128121, 0.0335754, -0.0895465, -0.24477, -0.49317, -0.493795, -0.371538, 0.180212, 0.497746, 0.740784, 0.77795, 0.555246, 0.230826, -0.405627, -0.577921, -0.609196, -0.334254, -0.127913, 0.0530735, 0.221475, 0.205705, 0.14873, 0.012917, -0.0303267, -0.0492381, -0.0346779, -0.0176709, -0.00315249, 0.00910916, 0.00819342, 0.00523456, -0.000246832, -0.0013616, -0.00148944, -0.000483307, -2.29565e-05, 0.000225145, 0.000227062, 0.000118159, -1.86632e-05, -0.000489981, -0.000917286
0.000625854, -0.0010872, -0.00369918, -0.0115059, -0.0132852, -0.00929278, 0.0293919, 0.0640556, 0.100062, 0.115329, 0.061702, -0.0429365, -0.34097, -0.46032, -0.498736, -0.226269, 0.062077, 0.382349, 0.817201, 0.815445, 0.649142, 0.0124768, -0.305211, -0.526211, -0.562147, -0.409602, -0.207404, 0.135977, 0.212641, 0.219863, 0.106251, 0.0362977, -0.0167678, -0.0515275, -0.0417352, -0.0249224, 0.00318193, 0.00876534, 0.00927305, 0.00338975, 0.000543029, -0.00111755, -0.00134234, -0.000752513, -0.000194457, 0.000296898, 0.000274176, 0.000170961, -0.000141391, -0.000391812
0.000473584, 0.000374794, -0.000601196, -0.00610841, -0.0100408, -0.0126555, -0.000853635, 0.0199981, 0.0512191, 0.115072, 0.119107, 0.0827516, -0.133299, -0.284879, -0.418811, -0.456589, -0.304475, -0.0480413, 0.561168, 0.76796, 0.82849, 0.474423, 0.143147, -0.191727, -0.594043, -0.594553, -0.476879, -0.0832785, 0.0870531, 0.192695, 0.199082, 0.135959, 0.0629631, -0.038031, -0.0526215, -0.0479456, -0.0148838, -0.000653743, 0.00754636, 0.00829872, 0.00492344, 0.00160812, -0.00162058, -0.00159822, -0.00105723, 5.04119e-05, 0.00028302, 0.00031479, 8.96349e-05, -8.04358e-05
0.000212795, 0.000551363, 0.000456247, -0.00194533, -0.00486119, -0.00859269, -0.0115534, -0.0046236, 0.0121931, 0.0738337, 0.10506, 0.118387, 0.0298594, -0.0843595, -0.229106, -0.466896, -0.473906, -0.366398, 0.147617, 0.454706, 0.699514, 0.774409, 0.576624, 0.270966, -0.365321, -0.555085, -0.608524, -0.365357, -0.160683, 0.0277869, 0.222579, 0.216953, 0.164593, 0.0231257, -0.0262944, -0.0506107, -0.0402109, -0.022188, -0.00570781, 0.00993896, 0.00962393, 0.00658667, 8.8592e-05, -0.00144884, -0.00178736, -0.000705338, -0.000117765, 0.000231079, 0.000286539, 0.000152306
5.67762e-05, 0.000329945, 0.000494467, 1.56319e-05, -0.00131584, -0.00378367, -0.0105728, -0.0116496, -0.00725501, 0.0294181, 0.0612352, 0.0938011, 0.106088, 0.055969, -0.0411779, -0.319978, -0.434638, -0.476095, -0.233142, 0.0362045, 0.342777, 0.78422, 0.80264, 0.661069, 0.0577734, -0.261348, -0.495933, -0.573999, -0.436875, -0.240488, 0.118115, 0.208502, 0.227571, 0.122176, 0.0487903, -0.0101636, -0.0551657, -0.0472367, -0.03009, 0.00181755, 0.00911794, 0.0105772, 0.00452363, 0.00111637, -0.00105095, -0.00168254, -0.00103327, -0.00034811, 0.000340028, 0.000339819
-7.39578e-14, 0.000124964, 0.000268926, 0.000491292, 0.000190275, -0.000824281, -0.00595043, -0.00934336, -0.0112815, 0.000944633, 0.0206425, 0.0494775, 0.107092, 0.109904, 0.0756073, -0.12536, -0.267303, -0.394686, -0.440861, -0.304391, -0.0667843, 0.519067, 0.730611, 0.807482, 0.500073, 0.184735, -0.146335, -0.576159, -0.598326, -0.498826, -0.114766, 0.0642535, 0.183053, 0.211606, 0.152039, 0.0773137, -0.0350576, -0.0547935, -0.0530222, -0.0192034, -0.00290534, 0.00726625, 0.00982251, 0.00627802, 0.0024417, -0.00176762, -0.00193312, -0.00138786, -3.21591e-05, 0.000301693
-9.38504e-06, 2.42358e-05, 9.31162e-05, 0.000372519, 0.000469384, 0.000300728, -0.00211549, -0.00481426, -0.00809715, -0.00985169, -0.00278225, 0.0132821, 0.0700755, 0.0981887, 0.10959, 0.026367, -0.0798929, -0.215123, -0.442509, -0.454694, -0.360155, 0.118671, 0.414856, 0.659679, 0.767586, 0.593568, 0.307099, -0.324591, -0.529499, -0.603861, -0.39414, -0.1932, 0.000876201, 0.220983, 0.226368, 0.179913, 0.0347013, -0.0207896, -0.0509049, -0.0459026, -0.0272394, -0.00888695, 0.0105383, 0.0110671, 0.00810641, 0.000593359, -0.00145029, -0.00208011, -0.000987942, -0.000261014
-5.81435e-06, -5.39206e-06, 1.42027e-05, 0.000170698, 0.000314619, 0.00043322, -0.000173244, -0.00150046, -0.00381806, -0.00968477, -0.0101624, -0.00545959, 0.0293167, 0.0585796, 0.088086, 0.0977158, 0.0506933, -0.0397733, -0.300998, -0.410986, -0.454623, -0.237863, 0.0136899, 0.306629, 0.751187, 0.787404, 0.668946, 0.10012, -0.218098, -0.463787, -0.581887, -0.461171, -0.272469, 0.0979131, 0.201579, 0.23303, 0.138292, 0.0624131, -0.00206837, -0.0580826, -0.0526603, -0.0356663, -0.000113473, 0.00912444, 0.0117962, 0.00586544, 0.00188794, -0.000858561, -0.00205136, -0.00137348
