-5.81435e-06, -7.82286e-06, -4.86781e-06, 7.20369e-05, 0.000176539, 0.000307031, 0.000135086, -0.000675844, -0.00230867, -0.00694962, -0.00749687, -0.00397248, 0.0221769, 0.0427378, 0.0611036, 0.0543935, 0.0145552, -0.0493593, -0.196902, -0.240318, -0.23901, -0.0871586, 0.0383787, 0.164655, 0.32105, 0.323527, 0.276992, 0.09826, 0.00445936, -0.0710199, -0.1407, -0.137435, -0.117274, -0.0575308, -0.0301677, -0.00900732, 0.0128961, 0.0156756, 0.0151234, 0.00967619, 0.00669331, 0.00419596, 0.00106123, 0.000291632, -0.000116067, -0.0003176, -0.000279453, -0.000215322, -9.33806e-05, -5.30676e-05
-9.38504e-06, -6.03752e-06, -7.37653e-06, 1.03933e-05, 5.6626e-05, 0.000146561, 0.000339462, 0.00018618, -0.000460338, -0.00395837, -0.00620181, -0.0071731, 0.00311909, 0.0174125, 0.0364064, 0.064799, 0.0569948, 0.0251651, -0.102262, -0.173242, -0.223549, -0.198178, -0.114913, 5.56668e-05, 0.22991, 0.298265, 0.317211, 0.218383, 0.128291, 0.0354172, -0.10102, -0.13078, -0.135771, -0.0966777, -0.0673175, -0.0394552, -0.000300483, 0.00959693, 0.0141559, 0.0132746, 0.0105758, 0.00766393, 0.00301068, 0.00154859, 0.000605872, -0.000198586, -0.000287846, -0.000281551, -0.000169992, -0.000112533
-7.39578e-14, -6.78996e-06, -6.22563e-06, -5.89344e-06, 6.32163e-06, 4.40499e-05, 0.000230418, 0.000312201, 0.000217685, -0.00145765, -0.00333319, -0.00548465, -0.00526723, 0.00102251, 0.013315, 0.0488554, 0.0608131, 0.0579494, -0.0147058, -0.0803731, -0.150025, -0.227651, -0.205546, -0.137571, 0.0840408, 0.193442, 0.272059, 0.291766, 0.236728, 0.1554, -0.0169547, -0.080004, -0.118086, -0.124261, -0.103574, -0.0763815, -0.0246362, -0.0063844, 0.0056016, 0.0141655, 0.0134973, 0.0113062, 0.00594083, 0.00374322, 0.00209725, 0.000292993, -7.56912e-05, -0.000234808, -0.000241376, -0.000187838
5.67762e-05, -1.73057e-06, -5.52511e-06, -6.82923e-06, -6.12739e-06, 3.20938e-06, 9.91597e-05, 0.000197604, 0.000283552, -0.000159586, -0.00113313, -0.00278318, -0.00626557, -0.00551681, -0.00061232, 0.0254335, 0.0429999, 0.0563598, 0.0394089, -0.00117714, -0.0605741, -0.185791, -0.217186, -0.208456, -0.0645865, 0.046884, 0.156803, 0.290254, 0.291388, 0.250393, 0.0938468, 0.0107456, -0.0573166, -0.124236, -0.124255, -0.108744, -0.0576331, -0.0328854, -0.0130096, 0.00925019, 0.0129367, 0.0133571, 0.00938559, 0.00680202, 0.00450792, 0.00140902, 0.000571999, 8.62313e-05, -0.000241036, -0.000241291
0.000212795, 3.45907e-05, 7.34976e-06, -5.11447e-06, -6.40054e-06, -6.19567e-06, 2.55944e-05, 8.07684e-05, 0.000168395, 0.000239305, -5.98633e-05, -0.000864817, -0.00418286, -0.00574489, -0.00557383, 0.0069117, 0.020803, 0.0374507, 0.0560721, 0.0435747, 0.0100108, -0.106478, -0.165963, -0.20438, -0.168329, -0.090522, 0.0125325, 0.212618, 0.270845, 0.286252, 0.199201, 0.120185, 0.0381055, -0.0855354, -0.114561, -0.121831, -0.0913581, -0.0660643, -0.0411801, -0.00430148, 0.00586227, 0.0111681, 0.0120666, 0.0100559, 0.00761548, 0.00334614, 0.0018933, 0.000902324, -4.33473e-05, -0.000191614
0.000473584, 0.000141334, 6.12765e-05, 3.47806e-06, -2.96634e-06, -5.54199e-06, -8.64478e-07, 1.89797e-05, 6.53212e-05, 0.000226728, 0.000236161, 1.41427e-05, -0.00188896, -0.00360939, -0.00521101, -0.0027603, 0.0044937, 0.0167257, 0.0467917, 0.053752, 0.046119, -0.0274364, -0.086718, -0.146152, -0.203034, -0.177005, -0.112143, 0.0858923, 0.180936, 0.248368, 0.263714, 0.215329, 0.143971, -0.00895282, -0.0663898, -0.102518, -0.113263, -0.0968342, -0.0737568, -0.0273703, -0.0100687, 0.00187953, 0.0118189, 0.0120047, 0.0105431, 0.00605045, 0.00402222, 0.00242553, 0.000538472, 0.000102108
0.000625854, 0.000336407, 0.000190102, 3.89943e-05, 1.23571e-05, 8.64525e-07, -5.50928e-06, -2.02568e-06, 1.37283e-05, 0.000120076, 0.000200065, 0.000227137, -0.00046696, -0.00153346, -0.0030904, -0.00528256, -0.00339087, 0.00252255, 0.0274958, 0.0419678, 0.050806, 0.0261011, -0.0140521, -0.0685515, -0.174055, -0.195789, -0.181701, -0.0463603, 0.0528292, 0.14891, 0.263461, 0.263651, 0.227409, 0.0896366, 0.0156945, -0.0458687, -0.109841, -0.112407, -0.100727, -0.0571181, -0.0348072, -0.0162533, 0.00597103, 0.0103569, 0.0115928, 0.0089619, 0.00677831, 0.00471124, 0.00171158, 0.00083175
3.14063e-12, 0.000501086, 0.000377577, 0.000129355, 6.15844e-05, 2.46639e-05, -1.25168e-06, -4.44488e-06, -2.63048e-06, 4.17269e-05, 0.000100488, 0.000175171, 0.00010408, -0.0003242, -0.00123114, -0.00416704, -0.00500368, -0.00379407, 0.010117, 0.0231511, 0.0372636, 0.0473232, 0.0314066, -0.00268739, -0.108085, -0.157563, -0.186232, -0.142858, -0.0704846, 0.0220007, 0.196923, 0.246827, 0.259445, 0.182478, 0.112847, 0.0399826, -0.0723682, -0.100473, -0.109424, -0.0861, -0.0643636, -0.0421963, -0.00767503, 0.00255952, 0.00840757, 0.0108032, 0.00942223, 0.00743929, 0.00359603, 0.00218269
-0.00253796, 0.00019342, 0.00042417, 0.000275034, 0.000165775, 8.7632e-05, 1.52123e-05, 2.86431e-06, -2.61758e-06, 6.57216e-06, 3.29382e-05, 8.36008e-05, 0.000198679, 0.000127729, -0.000211218, -0.00221323, -0.00367859, -0.00467241, -0.000295865, 0.00751381, 0.0192418, 0.0437548, 0.0464311, 0.0351627, -0.0373703, -0.0904065, -0.140774, -0.180842, -0.152354, -0.0909519, 0.0863274, 0.169274, 0.227439, 0.239424, 0.196714, 0.133814, -0.0024443, -0.0548872, -0.0890765, -0.10326, -0.0903901, -0.0708702, -0.0293955, -0.0131051, -0.00135665, 0.00958897, 0.0104997, 0.00969159, 0.00604553, 0.00420841
-0.00778792, -0.00143848, -0.000214555, 0.000358041, 0.000295786, 0.000198277, 5.91278e-05, 2.61912e-05, 8.69602e-06, -1.91774e-06, 4.44968e-06, 2.58161e-05, 0.000131498, 0.000181883, 0.000141268, -0.000762896, -0.00185065, -0.0032216, -0.00408767, -0.00124382, 0.0053244, 0.0285092, 0.0399434, 0.0448092, 0.0144749, -0.024409, -0.0739071, -0.162165, -0.176173, -0.158309, -0.0316259, 0.0568391, 0.141165, 0.24005, 0.239581, 0.207431, 0.0856348, 0.0195755, -0.0362715, -0.0972215, -0.101751, -0.0932302, -0.0561386, -0.0360813, -0.0188492, 0.00304244, 0.00795234, 0.00986283, 0.00843538, 0.00664299
-0.0141905, -0.00523498, -0.00238761, 8.91188e-06, 0.000270759, 0.000289529, 0.000141743, 7.97815e-05, 3.95887e-05, 4.26292e-06, -3.72573e-07, 3.24412e-06, 5.69092e-05, 0.00011285, 0.000164625, -5.55454e-05, -0.000586059, -0.0015345, -0.00393224, -0.00404881, -0.00194506, 0.0126986, 0.0245566, 0.0360967, 0.0388385, 0.0205658, -0.0131653, -0.107723, -0.148555, -0.169268, -0.121105, -0.0539958, 0.0291304, 0.182692, 0.22571, 0.236113, 0.167814, 0.10618, 0.0412265, -0.0611307, -0.0881988, -0.0983627, -0.0809735, -0.0623473, -0.0426478, -0.010497, -0.000342432, 0.00587865, 0.0095175, 0.00870591
-0.0153538, -0.0106618, -0.00659167, -0.00142802, -0.000350321, 0.000115489, 0.000227323, 0.000163138, 0.000100621, 2.60261e-05, 9.70371e-06, 2.1465e-06, 1.58722e-05, 4.665e-05, 9.63003e-05, 0.000147216, -4.85494e-06, -0.000440758, -0.00241514, -0.00355296, -0.00392485, 0.00202027, 0.010029, 0.0209247, 0.0400492, 0.0391412, 0.0252097, -0.0449341, -0.0920259, -0.134422, -0.160926, -0.131061, -0.0732619, 0.0857505, 0.158457, 0.208897, 0.218278, 0.18043, 0.124742, 0.00285359, -0.0451346, -0.0774327, -0.0941675, -0.084272, -0.0678285, -0.0308349, -0.0155815, -0.0041522, 0.00749282, 0.00901133
-4.50581e-11, -0.0137398, -0.0114313, -0.00452936, -0.00220335, -0.000813579, 0.00015532, 0.000209322, 0.000174684, 7.09191e-05, 3.72493e-05, 1.65901e-05, 3.66664e-06, 1.28208e-05, 3.81927e-05, 0.000131101, 0.000143188, 3.21557e-05, -0.00102643, -0.00206796, -0.00318171, -0.00276477, 0.000824011, 0.00772776, 0.0286341, 0.0371954, 0.0386548, 0.00446408, -0.0325846, -0.0771656, -0.150445, -0.158305, -0.137872, -0.0197044, 0.0593868, 0.133689, 0.219506, 0.218585, 0.189969, 0.0818413, 0.0226005, -0.0282008, -0.0861288, -0.0921579, -0.0862435, -0.0548153, -0.03683, -0.0208936, 0.000443812, 0.00573057
0.0417359, -0.00602801, -0.0118119, -0.00873279, -0.00558022, -0.00304757, -0.000430603, 8.839e-06, 0.000159201, 0.000132055, 8.62032e-05, 4.94878e-05, 1.05217e-05, 5.3804e-06, 1.09607e-05, 6.91762e-05, 0.00011562, 0.000136296, -0.000227349, -0.000826661, -0.00175764, -0.00351072, -0.00295126, -0.000119807, 0.0146605, 0.0251407, 0.0341818, 0.0308123, 0.0110511, -0.0216756, -0.105904, -0.13931, -0.153556, -0.102509, -0.0404055, 0.0344387, 0.16979, 0.207077, 0.215708, 0.154888, 0.100103, 0.0419761, -0.0515077, -0.0774735, -0.0884868, -0.0760253, -0.0601178, -0.0426519, -0.0128365, -0.00287626
0.104854, 0.0222044, 0.00103009, -0.0107952, -0.00924838, -0.00649726, -0.00200656, -0.000824591, -0.000199519, 0.00014549, 0.000135414, 9.85059e-05, 3.40465e-05, 1.64029e-05, 8.13602e-06, 2.61022e-05, 5.84077e-05, 0.000101317, 7.55308e-05, -0.000151629, -0.000657903, -0.00248995, -0.00325553, -0.00302733, 0.00411273, 0.0120236, 0.0218614, 0.0359278, 0.0320912, 0.0163112, -0.0505146, -0.092057, -0.127496, -0.143105, -0.112658, -0.0584687, 0.0844603, 0.148458, 0.192422, 0.199774, 0.166109, 0.116604, 0.00716584, -0.0368393, -0.067315, -0.0859017, -0.0784944, -0.0647119, -0.0317916, -0.0175753
0.156425, 0.0725734, 0.0347966, -0.00408311, -0.00911715, -0.00921557, -0.0047267, -0.00268659, -0.00129009, -6.58996e-05, 9.26426e-05, 0.000124721, 7.25717e-05, 4.36778e-05, 2.32216e-05, 1.06678e-05, 2.22436e-05, 4.93667e-05, 0.000117746, 8.60845e-05, -9.22008e-05, -0.00124115, -0.00217775, -0.00298608, -0.00138927, 0.00273723, 0.009702, 0.0280317, 0.0339538, 0.0325568, -0.00404107, -0.0388962, -0.0787668, -0.13911, -0.142106, -0.12002, -0.0100552, 0.0608314, 0.126551, 0.201404, 0.200182, 0.174627, 0.0782524, 0.0249375, -0.0213951, -0.0763541, -0.0835148, -0.0797495, -0.053243, -0.0371545
0.138568, 0.1263, 0.0860051, 0.0190035, 0.00168854, -0.00641573, -0.00751153, -0.00542291, -0.00337067, -0.00080668, -0.000251095, 6.70829e-06, 0.000102599, 8.00786e-05, 5.2778e-05, 1.65832e-05, 1.21466e-05, 1.97193e-05, 7.67357e-05, 0.000107493, 9.14367e-05, -0.000398931, -0.00103059, -0.00189096, -0.00294084, -0.00177716, 0.00160863, 0.0160359, 0.0250327, 0.0317235, 0.0233666, 0.00281084, -0.0284694, -0.103034, -0.130091, -0.139102, -0.08659, -0.0291889, 0.0383263, 0.15809, 0.190575, 0.19778, 0.143437, 0.0945484, 0.0423402, -0.0432416, -0.068076, -0.0796551, -0.071285, -0.0577535
1.99762e-10, 0.139952, 0.129713, 0.0599321, 0.0292356, 0.00857531, -0.0070537, -0.00739707, -0.00591645, -0.00235946, -0.00119487, -0.00048704, 4.22313e-05, 8.75073e-05, 8.19358e-05, 3.79749e-05, 2.19311e-05, 1.45928e-05, 3.60756e-05, 6.65707e-05, 9.72625e-05, -1.14953e-05, -0.000302072, -0.000848462, -0.00244181, -0.00281608, -0.00203689, 0.00593331, 0.0135102, 0.0221521, 0.031594, 0.0254234, 0.00846399, -0.0544534, -0.0908886, -0.12029, -0.127193, -0.0967407, -0.0460769, 0.0826776, 0.139237, 0.17774, 0.183504, 0.153453, 0.109275, 0.0106725, -0.0297631, -0.0584978, -0.0783858, -0.0730602
-0.252487, 0.0621641, 0.120505, 0.104552, 0.0710871, 0.0396985, 0.00208805, -0.00476826, -0.00673987, -0.00453591, -0.00290357, -0.00162205, -0.000280245, -3.83876e-05, 5.60336e-05, 6.39156e-05, 4.44601e-05, 2.75634e-05, 1.82871e-05, 3.16284e-05, 5.78351e-05, 9.15213e-05, 1.42588e-05, -0.000222989, -0.00139577, -0.0021803, -0.00265714, -2.505e-05, 0.00444372, 0.0112436, 0.0268542, 0.0304091, 0.0266698, -0.0111732, -0.0436333, -0.0790748, -0.128296, -0.127469, -0.104423, -0.00224668, 0.0614466, 0.119789, 0.185391, 0.183976, 0.161084, 0.0748621, 0.0267199, -0.0156423, -0.0677203, -0.0757195
-0.519348, -0.127142, 0.0148375, 0.11908, 0.108184, 0.0803613, 0.0247331, 0.00774932, -0.00163887, -0.00595788, -0.00489141, -0.00340053, -0.00109476, -0.000483874, -0.000149759, 5.77415e-05, 6.23721e-05, 4.89381e-05, 2.16033e-05, 1.91162e-05, 2.85004e-05, 7.81796e-05, 8.81859e-05, 3.27406e-05, -0.000558835, -0.00118654, -0.00193186, -0.00226292, -0.000584517, 0.00318666, 0.0168761, 0.0243597, 0.0288967, 0.0165682, -0.00423784, -0.0337844, -0.0994278, -0.121079, -0.125871, -0.0729437, -0.0199209, 0.0411047, 0.147469, 0.17591, 0.181959, 0.133246, 0.0894581, 0.0424045, -0.0361206, -0.0598204
-0.634333, -0.376425, -0.189463, 0.0615066, 0.104687, 0.10731, 0.0591727, 0.033343, 0.0141477, -0.00352152, -0.00534879, -0.00500575, -0.00250046, -0.00144619, -0.000724452, -6.9919e-05, 2.58264e-05, 5.32357e-05, 3.71834e-05, 2.54983e-05, 2.07117e-05, 4.45144e-05, 6.97633e-05, 8.35802e-05, -0.00010793, -0.000446109, -0.00100143, -0.00228168, -0.00226761, -0.00100529, 0.00745669, 0.0145212, 0.0219001, 0.0272068, 0.0192279, 0.00162859, -0.0570469, -0.0888326, -0.113017, -0.113003, -0.0829585, -0.0356803, 0.0805656, 0.130743, 0.164618, 0.169133, 0.142218, 0.102648, 0.0135184, -0.0237108
-0.460062, -0.558762, -0.422009, -0.089078, 0.0238605, 0.0844803, 0.0907244, 0.0670607, 0.0417724, 0.00699432, -0.000892558, -0.00423473, -0.00405463, -0.002889, -0.00180689, -0.00046884, -0.000169649, -2.30425e-05, 4.60509e-05, 3.94003e-05, 2.89738e-05, 2.56092e-05, 3.97881e-05, 6.22695e-05, 5.3651e-05, -6.75347e-05, -0.000351465, -0.00148417, -0.0020823, -0.00222128, 0.00127668, 0.00591169, 0.0123688, 0.02524, 0.0267151, 0.0210997, -0.0170743, -0.0470538, -0.0783879, -0.118083, -0.114273, -0.0907872, 0.00406706, 0.0614409, 0.113418, 0.171173, 0.169643, 0.149074, 0.0716626, 0.0280544
-1.81003e-10, -0.529335, -0.551405, -0.299289, -0.141631, -0.0175124, 0.0909473, 0.0907801, 0.0729905, 0.0281847, 0.0122919, 0.00240356, -0.00425354, -0.00410435, -0.00319284, -0.00128464, -0.00067279, -0.000295434, 2.83948e-06, 3.5248e-05, 3.83622e-05, 2.49132e-05, 2.54352e-05, 3.61999e-05, 7.26274e-05, 5.83951e-05, -3.60523e-05, -0.000697358, -0.00128747, -0.00188359, -0.00151618, 0.000578466, 0.00457838, 0.0172433, 0.0232408, 0.0258465, 0.0104439, -0.0101948, -0.037839, -0.0953326, -0.112396, -0.113804, -0.0612281, -0.0122567, 0.0430165, 0.137818, 0.162834, 0.167941, 0.124139, 0.0847816
0.561921, -0.223665, -0.452918, -0.472465, -0.342583, -0.191869, 0.0289612, 0.0754508, 0.0869478, 0.0563027, 0.0352142, 0.0180225, -0.000354299, -0.00327873, -0.00389795, -0.00245731, -0.00157781, -0.000899044, -0.00017994, -4.28553e-05, 1.57222e-05, 3.16662e-05, 2.66014e-05, 2.57268e-05, 5.02095e-05, 6.70229e-05, 6.05521e-05, -0.000207434, -0.000574877, -0.00110932, -0.00202515, -0.00164342, 2.29941e-05, 0.0086758, 0.0151014, 0.021206, 0.0228864, 0.0135545, -0.00425744, -0.0585489, -0.0861367, -0.105831, -0.100359, -0.0710107, -0.0269452, 0.0782445, 0.122925, 0.152857, 0.156386, 0.1322
0.946313, 0.269865, -0.100282, -0.486277, -0.475918, -0.375917, -0.105296, -0.00460316, 0.0554373, 0.0771274, 0.0615089, 0.0417879, 0.0107222, 0.00241482, -0.00185534, -0.00337366, -0.0026864, -0.00185496, -0.000619258, -0.000289769, -0.000104584, 2.09381e-05, 2.89842e-05, 2.71971e-05, 3.17098e-05, 4.55846e-05, 6.16633e-05, 6.28158e-06, -0.000154005, -0.000469659, -0.00150487, -0.00189508, -0.00170634, 0.00247732, 0.00712618, 0.0131076, 0.0233101, 0.0229923, 0.015914, -0.0218864, -0.0493833, -0.0769483, -0.10851, -0.102397, -0.0788572, 0.00916376, 0.0609743, 0.107437, 0.158503, 0.156915
0.946313, 0.730093, 0.384922, -0.268315, -0.431787, -0.464885, -0.27795, -0.14846, -0.0405673, 0.0671617, 0.074636, 0.0647906, 0.0298575, 0.015506, 0.00568762, -0.00253287, -0.00316346, -0.00280567, -0.00137668, -0.000808612, -0.00041948, -5.65927e-05, 1.5554e-06, 2.2127e-05, 2.60532e-05, 3.02956e-05, 4.17623e-05, 5.97944e-05, 1.96598e-05, -0.000110589, -0.000807028, -0.00133041, -0.00175391, -0.000736562, 0.00167385, 0.0057631, 0.0172039, 0.0217836, 0.0226901, 0.00499106, -0.015167, -0.0408292, -0.0909373, -0.104117, -0.102827, -0.0511548, -0.00591589, 0.0442518, 0.129037, 0.151136
0.561921, 0.922289, 0.778142, 0.136571, -0.167093, -0.365613, -0.408636, -0.310622, -0.189, 0.00415822, 0.0514108, 0.0688297, 0.052104, 0.0354191, 0.0204843, 0.00236949, -0.00130728, -0.00269942, -0.00226425, -0.00159857, -0.0010061, -0.000279015, -0.000112198, -2.6883e-05, 2.19158e-05, 2.50188e-05, 2.89764e-05, 5.21575e-05, 5.78852e-05, 2.92161e-05, -0.000303828, -0.000681228, -0.00116811, -0.00169054, -0.000975056, 0.00101162, 0.0095974, 0.0153023, 0.0201632, 0.0187206, 0.00842345, -0.0092694, -0.0591737, -0.0829964, -0.098837, -0.0890945, -0.0606397, -0.0195969, 0.0758029, 0.115728
-1.81004e-10, 0.743022, 0.877472, 0.563164, 0.243219, -0.0645152, -0.402635, -0.407136, -0.33475, -0.114616, -0.0255354, 0.0321743, 0.0642668, 0.0551447, 0.0403505, 0.0134028, 0.00512782, 0.000301494, -0.00257163, -0.0023411, -0.0017842, -0.000724758, -0.000390451, -0.000181761, -8.99476e-06, 1.41882e-05, 2.23112e-05, 3.57519e-05, 4.80561e-05, 5.54279e-05, -4.7786e-05, -0.000239818, -0.000570875, -0.0014603, -0.00163298, -0.00113954, 0.00354988, 0.00808552, 0.0134981, 0.0211681, 0.0193325, 0.0111507, -0.0257455, -0.0508167, -0.0749515, -0.0995884, -0.091718, -0.0684093, 0.0132672, 0.060169
-0.460062, 0.287327, 0.629098, 0.806075, 0.623892, 0.338387, -0.208701, -0.354152, -0.39389, -0.256462, -0.150078, -0.0566709, 0.0472401, 0.0600101, 0.0563611, 0.0301764, 0.0175962, 0.00824492, -0.000890056, -0.00215123, -0.00229363, -0.00137836, -0.000888158, -0.000514878, -0.000115462, -3.56116e-05, 1.73824e-06, 2.47746e-05, 3.30076e-05, 4.4294e-05, 3.99879e-05, -2.58425e-05, -0.000186324, -0.000882788, -0.00131592, -0.00155371, 4.46033e-05, 0.00267356, 0.00673253, 0.0168244, 0.0200821, 0.0195199, 0.000187472, -0.0192623, -0.0429281, -0.0863856, -0.0962877, -0.0928604, -0.0424805, -0.000669713
-0.634333, -0.212169, 0.162453, 0.739643, 0.789467, 0.665285, 0.132186, -0.12348, -0.296484, -0.354536, -0.280981, -0.182803, -0.0145788, 0.0317854, 0.0529539, 0.0471422, 0.0344179, 0.0218016, 0.00462404, 0.000488467, -0.00149131, -0.00195693, -0.001523, -0.00104687, -0.000360749, -0.000176784, -7.09046e-05, 8.77033e-06, 2.07735e-05, 2.99491e-05, 4.96603e-05, 4.2406e-05, -8.78039e-06, -0.000391538, -0.000759975, -0.00117693, -0.00129719, -0.000290845, 0.00193246, 0.0102381, 0.0151778, 0.0188561, 0.0147707, 0.00383329, -0.0134884, -0.0591013, -0.0795645, -0.0921069, -0.0790596, -0.0516253
-0.519348, -0.529119, -0.291407, 0.396574, 0.653876, 0.755569, 0.487048, 0.220901, -0.0373844, -0.335081, -0.349672, -0.298153, -0.119063, -0.0406999, 0.0136641, 0.0524148, 0.0484603, 0.0379285, 0.0151839, 0.007264, 0.00218235, -0.00171301, -0.00189595, -0.00161624, -0.00078321, -0.000466364, -0.000249179, -4.11852e-05, -3.71854e-06, 1.46505e-05, 3.70619e-05, 4.65107e-05, 4.34322e-05, -0.000105385, -0.000319999, -0.000649981, -0.00135594, -0.00131188, -0.000546103, 0.00447759, 0.00879801, 0.0135829, 0.0188999, 0.015803, 0.00682572, -0.0287786, -0.0515206, -0.0725536, -0.0913087, -0.0821218
-0.252487, -0.567348, -0.538676, -0.051565, 0.28454, 0.561542, 0.692658, 0.53845, 0.300289, -0.162023, -0.291816, -0.335208, -0.235585, -0.148194, -0.0675733, 0.0306873, 0.0469829, 0.048091, 0.0294923, 0.018761, 0.0101383, 0.000613161, -0.00113147, -0.00170483, -0.00130151, -0.000912784, -0.000577969, -0.000169449, -7.32511e-05, -2.11017e-05, 2.10214e-05, 3.30518e-05, 4.3146e-05, 1.40447e-05, -7.55278e-05, -0.000258882, -0.000921949, -0.00124744, -0.00129577, 0.000801234, 0.0035585, 0.00748813, 0.0161681, 0.0182169, 0.0164065, -0.00400217, -0.0225845, -0.0442866, -0.0817856, -0.0889279
1.99762e-10, -0.386816, -0.522215, -0.398558, -0.138313, 0.178826, 0.646763, 0.681184, 0.574134, 0.127463, -0.0896516, -0.241275, -0.308494, -0.253812, -0.174598, -0.0285664, 0.0158739, 0.0392057, 0.0418192, 0.032574, 0.0222143, 0.00641781, 0.00206432, -0.00033252, -0.00156923, -0.00136844, -0.0010267, -0.00042107, -0.000232354, -0.000113027, -6.73641e-06, 1.4082e-05, 2.83093e-05, 4.23797e-05, 2.11285e-05, -5.13637e-05, -0.000465905, -0.000807938, -0.00113757, -0.000864194, 0.000384877, 0.00276509, 0.0106212, 0.0147814, 0.0173581, 0.0110768, -0.000232428, -0.0169965, -0.0584811, -0.0759595
0.138568, -0.133364, -0.323453, -0.519052, -0.428682, -0.210905, 0.369746, 0.577508, 0.655265, 0.425167, 0.201889, -0.0167665, -0.280081, -0.301391, -0.265707, -0.120091, -0.0514475, -0.00095648, 0.0416935, 0.0417878, 0.0348775, 0.016213, 0.00886659, 0.00376489, -0.000848356, -0.00138901, -0.00137358, -0.000795968, -0.000514794, -0.000302964, -7.31901e-05, -2.33498e-05, 4.72402e-06, 3.51809e-05, 4.058e-05, 2.59913e-05, -0.000163258, -0.000390243, -0.000703514, -0.00119943, -0.000948002, 5.16569e-05, 0.00525221, 0.00927898, 0.0134058, 0.0165758, 0.0124515, 0.00293856, -0.0311012, -0.0516361
0.156425, 0.0617396, -0.0845879, -0.420327, -0.494371, -0.445104, -0.00631868, 0.275729, 0.502064, 0.600054, 0.468888, 0.268639, -0.125215, -0.241364, -0.286384, -0.215751, -0.144006, -0.0745871, 0.0170328, 0.0355283, 0.040223, 0.0280885, 0.0191818, 0.0114454, 0.00194013, -0.000151235, -0.00107957, -0.00116008, -0.000886996, -0.000607845, -0.00021518, -0.000108687, -4.46842e-05, 1.49027e-05, 3.01113e-05, 3.79628e-05, -1.67727e-05, -0.000126637, -0.000324342, -0.00092397, -0.00113056, -0.000993642, 0.00151263, 0.00431732, 0.00803856, 0.0152935, 0.0162552, 0.0134025, -0.0076209, -0.0252311
0.104854, 0.143157, 0.082094, -0.208532, -0.367379, -0.462623, -0.314462, -0.0833545, 0.185958, 0.568483, 0.592161, 0.499707, 0.12254, -0.0632761, -0.196842, -0.269157, -0.229102, -0.16528, -0.0388382, 0.00306506, 0.0274125, 0.0364155, 0.0301702, 0.0219289, 0.00778034, 0.00340018, 0.000736619, -0.00113144, -0.00115292, -0.000953477, -0.000457952, -0.000275873, -0.000150484, -2.35046e-05, 5.30092e-06, 2.39087e-05, 3.03505e-05, -4.99188e-06, -9.62254e-05, -0.000523369, -0.000823819, -0.00105388, -0.000409426, 0.00103212, 0.00349602, 0.0107737, 0.0141635, 0.0157323, 0.00766213, -0.00380014
0.0417359, 0.129918, 0.139847, -0.008055, -0.158413, -0.315137, -0.44355, -0.346734, -0.149199, 0.34282, 0.512067, 0.572138, 0.374258, 0.185469, -0.00108974, -0.234975, -0.260611, -0.236979, -0.118746, -0.0588153, -0.012405, 0.0321298, 0.035344, 0.0314637, 0.0166279, 0.00999222, 0.00504819, -1.55118e-05, -0.000852456, -0.0010778, -0.00076683, -0.000535171, -0.000340697, -0.00010286, -4.33434e-05, -6.86015e-06, 2.98911e-05, 3.02356e-05, 3.815e-06, -0.000218288, -0.000447099, -0.000729639, -0.00099973, -0.000557002, 0.000634839, 0.00587238, 0.00954839, 0.0130098, 0.0142516, 0.0093095
-4.50581e-11, 0.0746316, 0.116096, 0.105877, 0.0204279, -0.113702, -0.385508, -0.42904, -0.367311, 0.0256949, 0.263539, 0.449935, 0.523757, 0.411633, 0.24201, -0.0960067, -0.200233, -0.245517, -0.197182, -0.138355, -0.0787003, 0.0058489, 0.0255596, 0.0328979, 0.02619, 0.0190184, 0.0122488, 0.00307297, 0.000756608, -0.00045019, -0.000968645, -0.000817283, -0.000605699, -0.000250265, -0.000139711, -6.74353e-05, 6.6614e-06, 2.40837e-05, 2.86976e-05, -5.09025e-05, -0.000176442, -0.000379435, -0.000890135, -0.000972331, -0.000660834, 0.00216327, 0.0049451, 0.00839756, 0.0142529, 0.0142519
-0.0153538, 0.0225168, 0.0616029, 0.12605, 0.11092, 0.0430509, -0.217212, -0.343434, -0.407638, -0.247144, -0.0425147, 0.187026, 0.502242, 0.518379, 0.438319, 0.117536, -0.0426211, -0.16083, -0.235422, -0.206742, -0.155452, -0.0462062, -0.00716487, 0.0173785, 0.0311212, 0.0274228, 0.0211195, 0.00875287, 0.00449294, 0.00169069, -0.000669418, -0.000893838, -0.000836422, -0.000471056, -0.000305463, -0.000181149, -4.04689e-05, -5.12117e-06, 1.67825e-05, 1.39565e-05, -3.46878e-05, -0.000141003, -0.000561523, -0.000807982, -0.000931244, 5.10813e-05, 0.00163523, 0.00411763, 0.0107244, 0.0133708
-0.0141905, -0.00664457, 0.0152265, 0.0893569, 0.116877, 0.112409, -0.040788, -0.173106, -0.300852, -0.37828, -0.279928, -0.101868, 0.316856, 0.455896, 0.502758, 0.331923, 0.171133, 0.0108173, -0.197738, -0.226001, -0.211557, -0.115786, -0.0636011, -0.0212739, 0.0236924, 0.029264, 0.0278831, 0.0165524, 0.0107028, 0.0060454, 0.000758615, -0.00031241, -0.000748481, -0.000701144, -0.000528578, -0.000361241, -0.000128441, -6.24619e-05, -1.94563e-05, 2.12198e-05, 1.57723e-05, -2.20728e-05, -0.000267688, -0.000488064, -0.000728002, -0.000766436, -0.000153298, 0.00118809, 0.006342, 0.00962882
-0.00778792, -0.0144447, -0.0085946, 0.0398244, 0.0769737, 0.106901, 0.0730509, -0.0123282, -0.132912, -0.350423, -0.371316, -0.302775, 0.048078, 0.249662, 0.404337, 0.46036, 0.364032, 0.219357, -0.0727005, -0.166479, -0.21112, -0.179971, -0.131832, -0.0806588, -0.00324351, 0.0169584, 0.0261876, 0.0239726, 0.0184075, 0.0126289, 0.00400735, 0.0015708, 0.000158392, -0.000741268, -0.000711175, -0.000574227, -0.000273251, -0.000164643, -8.80072e-05, -3.35645e-06, 1.50758e-05, 1.55982e-05, -8.66168e-05, -0.00022242, -0.000421653, -0.000823179, -0.000780622, -0.000310129, 0.00274232, 0.00544208
-0.00253796, -0.0110613, -0.0135988, 0.00449199, 0.0309913, 0.0654781, 0.107411, 0.0816408, 0.011164, -0.218373, -0.317411, -0.357839, -0.193206, -0.0122431, 0.184186, 0.445939, 0.456755, 0.387213, 0.112545, -0.0263892, -0.131456, -0.206387, -0.186575, -0.145518, -0.0513085, -0.0152597, 0.00890387, 0.0260611, 0.0244947, 0.0199293, 0.00938197, 0.005351, 0.00251585, -0.000204383, -0.000607047, -0.000685143, -0.000461355, -0.000320277, -0.000203552, -5.66689e-05, -1.66846e-05, 7.13568e-06, -6.12064e-06, -6.64927e-05, -0.000183438, -0.000579086, -0.000762156, -0.000776005, 0.000503504, 0.00218262
3.14063e-12, -0.00533244, -0.00962905, -0.0105358, 0.000735034, 0.0234272, 0.0861504, 0.102095, 0.0867545, -0.0651542, -0.180069, -0.283075, -0.322193, -0.225453, -0.0655455, 0.292413, 0.407558, 0.444455, 0.296372, 0.158501, 0.0198334, -0.166812, -0.196493, -0.189054, -0.111756, -0.0664202, -0.0280499, 0.0163164, 0.0236249, 0.0242773, 0.0160946, 0.0110601, 0.00677828, 0.00145618, 0.000210758, -0.000402596, -0.000605094, -0.00049729, -0.00036453, -0.000148619, -7.96564e-05, -3.24275e-05, 9.42313e-06, -2.2347e-06, -5.04282e-05, -0.000309121, -0.000511595, -0.000699516, -0.000509169, 0.000250336
0.000625854, -0.00138849, -0.00434645, -0.0115319, -0.0107849, -0.00214494, 0.0454826, 0.0759835, 0.0955675, 0.0447857, -0.0376692, -0.144469, -0.316467, -0.320761, -0.24928, 0.0634448, 0.235171, 0.364461, 0.407257, 0.324093, 0.199899, -0.054013, -0.138612, -0.182023, -0.164125, -0.124848, -0.0810272, -0.0105745, 0.00959365, 0.0201171, 0.0215715, 0.0174638, 0.0126611, 0.00474834, 0.00227922, 0.000727874, -0.000490874, -0.000576539, -0.000517102, -0.000283516, -0.000182343, -0.000105328, -1.47295e-05, 3.38497e-06, -8.29782e-07, -0.000122146, -0.000262377, -0.00044929, -0.000726902, -0.000563602
0.000473584, 0.000264294, -0.000975293, -0.00710722, -0.0104257, -0.0106951, 0.011705, 0.0370382, 0.0662471, 0.0887777, 0.0557837, -0.014306, -0.2143, -0.290925, -0.313302, -0.149931, 0.0101009, 0.178903, 0.39786, 0.404908, 0.344297, 0.107637, -0.0136005, -0.107359, -0.181311, -0.168422, -0.135741, -0.0546471, -0.0215926, 0.00179708, 0.0213122, 0.0215067, 0.0184746, 0.00971534, 0.00599009, 0.00320694, 0.000246926, -0.000306424, -0.00050901, -0.000430775, -0.00032033, -0.00021684, -7.1291e-05, -2.88699e-05, -4.67875e-06, -2.89695e-05, -9.88522e-05, -0.000221496, -0.000575805, -0.000689128
0.000212795, 0.000542936, 0.000333955, -0.00278974, -0.00602785, -0.00932625, -0.00580007, 0.00732875, 0.0296108, 0.0804501, 0.0866958, 0.0635117, -0.082659, -0.18139, -0.263541, -0.27418, -0.180993, -0.0376726, 0.269743, 0.365831, 0.395139, 0.266251, 0.14729, 0.0266223, -0.140984, -0.171229, -0.169124, -0.107051, -0.0677481, -0.0331315, 0.00991906, 0.0184639, 0.020746, 0.0153464, 0.0111231, 0.00727334, 0.00206661, 0.000701848, -5.4356e-05, -0.000485146, -0.000444367, -0.00035134, -0.000162521, -9.40985e-05, -4.5177e-05, -5.04485e-06, -2.29883e-05, -7.98862e-05, -0.00034078, -0.000517049
5.67762e-05, 0.000349737, 0.000494637, -0.000392454, -0.00219042, -0.00506849, -0.0098301, -0.00680758, 0.00379467, 0.0486053, 0.0724889, 0.083144, 0.0209663, -0.0567527, -0.15023, -0.28445, -0.276747, -0.204932, 0.0736976, 0.220732, 0.329556, 0.362441, 0.290298, 0.183042, -0.038966, -0.115479, -0.157292, -0.149607, -0.11769, -0.0802336, -0.016428, 0.00333228, 0.014681, 0.0190893, 0.0162821, 0.0124129, 0.00530721, 0.00287676, 0.00124558, -0.000228853, -0.000421073, -0.000438544, -0.000281134, -0.000192174, -0.000118617, -2.69868e-05, -1.05303e-05, -1.98738e-05, -0.000155791, -0.000294533
-7.39578e-14, 0.000140988, 0.00029755, 0.000391935, -0.000196357, -0.0016919, -0.00725244, -0.00918569, -0.0074021, 0.0176165, 0.0408581, 0.0645812, 0.0709407, 0.0334599, -0.0341995, -0.206716, -0.265016, -0.273815, -0.115154, 0.0264848, 0.17217, 0.35661, 0.360983, 0.30797, 0.102864, -0.00350851, -0.0874865, -0.159585, -0.152101, -0.126293, -0.0566173, -0.0264754, -0.00411963, 0.0169175, 0.0185463, 0.0168482, 0.00979909, 0.00643018, 0.00376512, 0.000671836, -3.68083e-06, -0.000316725, -0.000381878, -0.00030632, -0.00022071, -8.3688e-05, -4.11621e-05, -1.81883e-05, -5.35254e-05, -0.000130225
-9.38504e-06, 3.135e-05, 0.000113579, 0.000396913, 0.00039318, -4.89727e-05, -0.00348855, -0.00631147, -0.00846713, -0.00117048, 0.0129197, 0.0338735, 0.0731035, 0.0714814, 0.0429652, -0.0946441, -0.178698, -0.243437, -0.233169, -0.144657, -0.0163007, 0.248921, 0.329687, 0.353159, 0.240522, 0.137279, 0.0316883, -0.119304, -0.149514, -0.151454, -0.101957, -0.0679523, -0.0368446, 0.00441042, 0.0137908, 0.0173574, 0.0143851, 0.0109456, 0.00755904, 0.002585, 0.00115013, 0.000284771, -0.000347654, -0.000373322, -0.00032307, -0.000169681, -0.000105186, -5.71681e-05, -2.15726e-05, -4.55372e-05
-5.81435e-06, -3.88279e-06, 2.25418e-05, 0.000211373, 0.000350528, 0.000382517, -0.000946154, -0.00285295, -0.00544684, -0.00767929, -0.00279768, 0.00899038, 0.0495914, 0.0672255, 0.0704174, 0.00127582, -0.0706641, -0.151689, -0.25479, -0.238574, -0.168137, 0.0802244, 0.206746, 0.298952, 0.324352, 0.26148, 0.168329, -0.0268075, -0.0961796, -0.136181, -0.136346, -0.110554, -0.0786028, -0.0210467, -0.00195386, 0.0098546, 0.016602, 0.0149394, 0.011944, 0.00569902, 0.0033635, 0.00170347, 3.50983e-05, -0.000251966, -0.000342983, -0.000266737, -0.000193945, -0.000127376, -3.96299e-05, -2.6087e-05
