-0.495
-0.485
-0.475
-0.465
-0.455
-0.445
-0.435
-0.425
-0.415
-0.405
-0.395
-0.385
-0.375
-0.365
-0.355
-0.345
-0.335
-0.325
-0.315
-0.305
-0.295
-0.285
-0.275
-0.265
-0.255
-0.245
-0.235
-0.225
-0.215
-0.205
-0.195
-0.185
-0.175
-0.165
-0.155
-0.145
-0.135
-0.125
-0.115
-0.105
-0.095
-0.085
-0.075
-0.065
-0.055
-0.045
-0.035
-0.025
-0.015
-0.005
0.005
0.015
0.025
0.035
0.045
0.055
0.065
0.075
0.085
0.095
0.105
0.115
0.125
0.135
0.145
0.155
0.165
0.175
0.185
0.195
0.205
0.215
0.225
0.235
0.245
0.255
0.265
0.275
0.285
0.295
0.305
0.315
0.325
0.335
0.345
0.355
0.365
0.375
0.385
0.395
0.405
0.415
0.425
0.435
0.445
0.455
0.465
0.475
0.485
0.495
