-198.75
-196.25
-193.75
-191.25
-188.75
-186.25
-183.75
-181.25
-178.75
-176.25
-173.75
-171.25
-168.75
-166.25
-163.75
-161.25
-158.75
-156.25
-153.75
-151.25
-148.75
-146.25
-143.75
-141.25
-138.75
-136.25
-133.75
-131.25
-128.75
-126.25
-123.75
-121.25
-118.75
-116.25
-113.75
-111.25
-108.75
-106.25
-103.75
-101.25
-98.75
-96.25
-93.75
-91.25
-88.75
-86.25
-83.75
-81.25
-78.75
-76.25
-73.75
-71.25
-68.75
-66.25
-63.75
-61.25
-58.75
-56.25
-53.75
-51.25
-48.75
-46.25
-43.75
-41.25
-38.75
-36.25
-33.75
-31.25
-28.75
-26.25
-23.75
-21.25
-18.75
-16.25
-13.75
-11.25
-8.75
-6.25
-3.75
-1.25
1.25
3.75
6.25
8.75
11.25
13.75
16.25
18.75
21.25
23.75
26.25
28.75
31.25
33.75
36.25
38.75
41.25
43.75
46.25
48.75
51.25
53.75
56.25
58.75
61.25
63.75
66.25
68.75
71.25
73.75
76.25
78.75
81.25
83.75
86.25
88.75
91.25
93.75
96.25
98.75
101.25
103.75
106.25
108.75
111.25
113.75
116.25
118.75
121.25
123.75
126.25
128.75
131.25
133.75
136.25
138.75
141.25
143.75
146.25
148.75
151.25
153.75
156.25
158.75
161.25
163.75
166.25
168.75
171.25
173.75
176.25
178.75
181.25
183.75
186.25
188.75
191.25
193.75
196.25
198.75
