-101.25
-101.25
-100
-101.25
-100
-101.25
-100
-101.25
-100
-101.25
-100
-101.25
-100
-101.25
-100
-101.25
-100
-101.25
-100
-101.25
-100
-101.25
-100
-101.25
-100
-101.25
-100
-101.25
-100
-101.25
-100
-101.25
-100
-101.25
-100
-101.25
-100
-101.25
-100
-101.25
-100
-101.231
-102.411
-101.101
-102.126
-100.683
-101.476
-99.8453
-100.317
-100.59
-100.634
-100.418
-99.916
-99.113
-98.0187
-98.8294
-97.2493
-97.5007
-97.4153
-96.9505
-96.0785
-96.8587
-95.2801
-95.3977
-95.1079
-94.3638
-93.1552
-93.5509
-93.5499
-93.0912
-92.1293
-90.6793
-90.7605
-90.3728
-89.4613
-88.0235
-88.0342
-87.551
-86.5177
-84.9486
-84.7629
-84.0404
-82.7446
-82.7396
-82.2298
-81.1382
-81.2268
-80.8435
-79.8785
-78.3253
-77.9961
-77.0873
-75.5751
-75.2418
-74.3258
-72.797
-72.4105
-71.4297
-69.8327
-69.3475
-68.2493
-68.129
-67.4998
-66.2364
-65.9697
-65.1489
-63.6807
-63.2245
-62.164
-60.4661
-59.7701
-58.428
-58.0213
-57.0306
-55.3855
-54.6976
-53.3644
-52.9179
-51.884
-50.192
-49.4179
-47.9881
-47.4264
-46.2511
-44.4278
-43.48
-43.216
-42.4616
-41.0562
-40.4597
-39.2506
-37.3903
-36.3558
-34.6519
-33.7675
-32.2184
-31.4595
-30.0563
-29.4
-28.1288
-27.5554
-26.4004
-24.579
-23.5238
-23.073
-22.1019
-20.4621
-19.5602
-17.9984
-17.1522
-15.6579
-14.8555
-13.4179
-12.6488
-11.2571
-9.23045
-7.87422
-7.14509
-5.81975
-5.10551
-3.81038
-1.88211
-0.614493
0.0763982
1.31916
2.00061
3.2206
5.05928
6.25765
6.92136
8.09918
9.88337
11.0416
12.7995
13.939
14.5796
15.7013
17.4085
18.513
20.1957
21.2839
21.905
22.9775
24.613
25.6706
27.2834
28.3265
29.9171
30.9465
32.5153
33.5315
35.0792
36.0827
37.6098
38.6011
40.108
41.0875
42.5748
43.5431
45.0112
45.9686
47.4181
48.365
49.7962
50.7331
52.1465
53.0737
54.4698
55.3876
56.7668
57.6756
59.0383
59.9384
61.285
62.1767
63.5077
65.2976
66.6133
67.489
68.7898
69.6579
70.9442
72.6827
73.9549
74.8085
76.067
77.772
79.0171
79.8572
81.0892
82.7616
83.9808
84.8084
86.0152
87.6557
88.8505
89.6664
90.8493
92.4588
93.6303
95.2245
96.3848
97.1846
98.3341
99.8984
101.037
102.587
103.715
105.251
106.369
107.15
108.259
109.766
110.865
112.359
113.448
114.928
116.009
117.475
118.547
120
121.063
122.504
123.559
124.986
126.033
127.448
128.487
129.889
130.92
132.311
133.334
134.713
135.729
137.096
138.104
139.46
140.462
141.806
142.801
144.134
145.122
146.444
147.426
148.737
150.393
151.694
152.664
153.954
154.917
156.198
157.819
159.089
160.041
161.302
162.248
163.499
165.086
166.327
167.263
168.495
170.059
171.283
172.208
173.423
174.965
176.17
177.702
178.899
179.81
180.999
182.509
183.689
185.188
186.36
187.259
188.424
189.902
191.059
192.526
193.675
195.133
196.275
197.159
198.293
-197.769
-197.048
-196.171
-195.45
-194.576
-193.462
-192.591
-191.485
-190.086
-188.986
-187.596
-186.503
-185.123
-184.036
-182.664
-181.583
-180.221
-179.146
-177.793
-176.724
-175.38
-174.317
-172.981
-171.923
-170.596
-169.544
-168.225
-167.179
-165.868
-164.827
-163.525
-162.489
-161.195
-160.164
-158.878
-157.319
-156.041
-155.02
-153.749
-152.733
-151.469
-149.938
-148.682
-147.675
-146.426
-144.912
-143.671
-142.672
-141.439
-139.941
-138.714
-137.724
-136.504
-135.024
-133.811
-132.338
-131.132
-130.153
-128.954
-127.498
-126.305
-124.857
-123.67
-122.702
-121.522
-120.09
-118.916
-117.492
-116.324
-114.909
-113.746
-112.791
-111.635
-110.234
-109.084
-107.691
