0, 0, 0, 0, 0, 0, 0, 0, 0, 0, 0, 0, 0, 0, 0, 0, 0, 0, 0, 0, 0, 0, 0, 0, 0, 0, 0, 0, 0, 0, 0, 0, 0, 0, 0, 0, 0, 0, 0, 0, 0, 0, 0, 0, 0, 0, 0, 0, 0, 0
0, 0, 0, 0, 0, 0, 0, 3.77237e-47, 2.65475e-40, 4.00327e-36, 5.56857e-33, 1.87547e-30, 2.40232e-28, 1.51464e-26, 5.53961e-25, 1.31487e-23, 2.19543e-22, 2.73823e-21, 2.6714e-20, 2.11362e-19, 1.39605e-18, 7.88098e-18, 3.87687e-17, 1.68899e-16, 6.60596e-16, 2.34656e-15, 7.64588e-15, 2.30483e-14, 6.47585e-14, 1.70695e-13, 4.24512e-13, 1.00112e-12, 2.2488e-12, 4.83062e-12, 9.95826e-12, 1.97639e-11, 3.78711e-11, 7.02441e-11, 1.26412e-10, 2.21189e-10, 3.77021e-10, 6.27126e-10, 1.01959e-09, 1.6226e-09, 2.53103e-09, 3.87448e-09, 5.82711e-09, 8.61929e-09, 1.25512e-08, 1.80088e-08
0, 0, 0, 0, 0, 0, 0, 1.48535e-44, 1.49937e-38, 1.22343e-34, 1.17104e-31, 3.0169e-29, 3.13898e-27, 1.67132e-25, 5.305e-24, 1.11521e-22, 1.67526e-21, 1.90352e-20, 1.70921e-19, 1.25533e-18, 7.75249e-18, 4.11732e-17, 1.91576e-16, 7.93137e-16, 2.96014e-15, 1.00707e-14, 3.153e-14, 9.15973e-14, 2.48677e-13, 6.34887e-13, 1.53265e-12, 3.51545e-12, 7.69427e-12, 1.6131e-11, 3.25046e-11, 6.31454e-11, 1.18589e-10, 2.15839e-10, 3.81566e-10, 6.56515e-10, 1.10143e-09, 1.80485e-09, 2.89306e-09, 4.54275e-09, 6.99658e-09, 1.05821e-08, 1.57344e-08, 2.30227e-08, 3.31813e-08, 4.71449e-08
0, 0, 0, 0, 0, 0, 0, 2.86515e-42, 7.25973e-37, 3.40009e-33, 2.28924e-30, 4.56051e-28, 3.87708e-26, 1.74879e-24, 4.82433e-23, 8.98416e-22, 1.2134e-20, 1.25438e-19, 1.03474e-18, 7.0383e-18, 4.05326e-17, 2.01925e-16, 8.85827e-16, 3.47327e-15, 1.23255e-14, 4.00121e-14, 1.19915e-13, 3.34415e-13, 8.73812e-13, 2.15218e-12, 5.02297e-12, 1.11606e-11, 2.37056e-11, 4.83114e-11, 9.47779e-11, 1.79515e-10, 3.29138e-10, 5.85565e-10, 1.01304e-09, 1.7076e-09, 2.80944e-09, 4.51888e-09, 7.11642e-09, 1.09875e-08, 1.66525e-08, 2.48028e-08, 3.63424e-08, 5.2437e-08, 7.45696e-08, 1.04602e-07
0, 0, 0, 0, 0, 0, 0, 3.60849e-40, 3.06059e-35, 8.64053e-32, 4.17644e-29, 6.50654e-27, 4.55216e-25, 1.74816e-23, 4.20688e-22, 6.95998e-21, 8.47079e-20, 7.98171e-19, 6.05776e-18, 3.82091e-17, 2.05402e-16, 9.60659e-16, 3.97613e-15, 1.4773e-14, 4.98682e-14, 1.54518e-13, 4.43362e-13, 1.18704e-12, 2.9852e-12, 7.09241e-12, 1.60005e-11, 3.44301e-11, 7.09473e-11, 1.40496e-10, 2.68221e-10, 4.95056e-10, 8.85633e-10, 1.53918e-09, 2.6041e-09, 4.29716e-09, 6.9279e-09, 1.09293e-08, 1.68957e-08, 2.56278e-08, 3.81874e-08, 5.59598e-08, 8.07267e-08, 1.14748e-07, 1.60855e-07, 2.22549e-07
0, 0, 0, 0, 0, 0, 0, 3.3368e-38, 1.13704e-33, 2.01599e-30, 7.12417e-28, 8.77006e-26, 5.08367e-24, 1.67011e-22, 3.51854e-21, 5.18608e-20, 5.7008e-19, 4.9055e-18, 3.431e-17, 2.00957e-16, 1.00967e-15, 4.43818e-15, 1.73483e-14, 6.11327e-14, 1.96457e-13, 5.81452e-13, 1.5984e-12, 4.11109e-12, 9.95607e-12, 2.28293e-11, 4.98075e-11, 1.0384e-10, 2.07666e-10, 3.99738e-10, 7.4287e-10, 1.33648e-09, 2.3334e-09, 3.96231e-09, 6.5571e-09, 1.05941e-08, 1.67385e-08, 2.59015e-08, 3.93079e-08, 5.85768e-08, 8.58142e-08, 1.2372e-07, 1.75705e-07, 2.46027e-07, 3.39931e-07, 4.63812e-07
0, 0, 0, 0, 0, 0, 0, 2.41544e-36, 3.75841e-32, 4.33359e-29, 1.13814e-26, 1.11777e-24, 5.40246e-23, 1.52525e-21, 2.82288e-20, 3.71692e-19, 3.69853e-18, 2.91182e-17, 1.87984e-16, 1.02385e-15, 4.81385e-15, 1.99093e-14, 7.35709e-14, 2.46109e-13, 7.53573e-13, 2.13207e-12, 5.61928e-12, 1.38934e-11, 3.24219e-11, 7.17938e-11, 1.51563e-10, 3.06309e-10, 5.94813e-10, 1.11346e-09, 2.01519e-09, 3.53538e-09, 6.02645e-09, 1.00026e-08, 1.61965e-08, 2.56299e-08, 3.96983e-08, 6.02731e-08, 8.98198e-08, 1.31534e-07, 1.89498e-07, 2.68846e-07, 3.75961e-07, 5.18673e-07, 7.0648e-07, 9.50777e-07
0, 0, 0, 0, 0, 0, 4.2559e-41, 1.42511e-34, 1.11404e-30, 8.60865e-28, 1.70538e-25, 1.34815e-23, 5.46565e-22, 1.33185e-20, 2.17263e-19, 2.56236e-18, 2.31303e-17, 1.66917e-16, 9.9623e-16, 5.05259e-15, 2.22576e-14, 8.67081e-14, 3.03209e-13, 9.63755e-13, 2.81408e-12, 7.617e-12, 1.92614e-11, 4.5811e-11, 1.0308e-10, 2.20563e-10, 4.50812e-10, 8.83675e-10, 1.66708e-09, 3.03635e-09, 5.35424e-09, 9.16398e-09, 1.52579e-08, 2.47635e-08, 3.925e-08, 6.08554e-08, 9.24383e-08, 1.37752e-07, 2.01643e-07, 2.90274e-07, 4.1137e-07, 5.74485e-07, 7.91284e-07, 1.07585e-06, 1.44499e-06, 1.91856e-06
0, 0, 0, 0, 0, 0, 1.46628e-38, 7.04556e-33, 2.98049e-29, 1.5845e-26, 2.39983e-24, 1.53977e-22, 5.26604e-21, 1.11217e-19, 1.60424e-18, 1.69904e-17, 1.39431e-16, 9.23945e-16, 5.10606e-15, 2.41474e-14, 9.9787e-14, 3.66566e-13, 1.21423e-12, 3.67051e-12, 1.02291e-11, 2.65091e-11, 6.43639e-11, 1.4736e-10, 3.19922e-10, 6.61871e-10, 1.31052e-09, 2.49293e-09, 4.57137e-09, 8.10512e-09, 1.39321e-08, 2.32738e-08, 3.78662e-08, 6.012e-08, 9.33118e-08, 1.41808e-07, 2.1132e-07, 3.09195e-07, 4.44736e-07, 6.29549e-07, 8.77918e-07, 1.2072e-06, 1.63823e-06, 2.19575e-06, 2.90885e-06, 3.81135e-06
0, 0, 0, 0, 0, 0, 2.46751e-36, 2.97803e-31, 7.23647e-28, 2.70844e-25, 3.17516e-23, 1.66635e-21, 4.83339e-20, 8.8825e-19, 1.13645e-17, 1.08355e-16, 8.10079e-16, 4.93799e-15, 2.53068e-14, 1.11749e-13, 4.33722e-13, 1.50405e-12, 4.72402e-12, 1.35937e-11, 3.61872e-11, 8.98607e-11, 2.09643e-10, 4.62352e-10, 9.69127e-10, 1.93977e-09, 3.72291e-09, 6.87642e-09, 1.22631e-08, 2.11762e-08, 3.54999e-08, 5.79083e-08, 9.21067e-08, 1.43117e-07, 2.17608e-07, 3.24273e-07, 4.74244e-07, 6.81552e-07, 9.63618e-07, 1.34177e-06, 1.8418e-06, 2.49448e-06, 3.33618e-06, 4.40935e-06, 5.76315e-06, 7.45388e-06
0, 0, 0, 0, 0, 0, 2.70287e-34, 1.0927e-29, 1.60184e-26, 4.3081e-24, 3.95376e-22, 1.70959e-20, 4.22719e-19, 6.78569e-18, 7.72369e-17, 6.64585e-16, 4.53561e-15, 2.54772e-14, 1.21269e-13, 5.00677e-13, 1.82733e-12, 5.98845e-12, 1.78525e-11, 4.89469e-11, 1.24573e-10, 2.96646e-10, 6.65483e-10, 1.41477e-09, 2.865e-09, 5.55146e-09, 1.03337e-08, 1.85435e-08, 3.21782e-08, 5.41462e-08, 8.85686e-08, 1.41143e-07, 2.19568e-07, 3.34032e-07, 4.97758e-07, 7.27607e-07, 1.04473e-06, 1.47524e-06, 2.05096e-06, 2.81012e-06, 3.79812e-06, 5.06825e-06, 6.68238e-06, 8.71168e-06, 1.12372e-05, 1.43504e-05
0, 0, 0, 0, 0, 0, 2.1668e-32, 3.52194e-28, 3.24538e-25, 6.38784e-23, 4.63764e-21, 1.66351e-19, 3.52348e-18, 4.95872e-17, 5.03594e-16, 3.91982e-15, 2.44696e-14, 1.26878e-13, 5.61755e-13, 2.17141e-12, 7.46132e-12, 2.31331e-11, 6.55223e-11, 1.71323e-10, 4.1722e-10, 9.53518e-10, 2.05845e-09, 4.2214e-09, 8.26441e-09, 1.55124e-08, 2.80224e-08, 4.88814e-08, 8.25814e-08, 1.35478e-07, 2.16336e-07, 3.3696e-07, 5.12913e-07, 7.64307e-07, 1.11667e-06, 1.60184e-06, 2.25895e-06, 3.13537e-06, 4.28772e-06, 5.78278e-06, 7.69848e-06, 1.01247e-05, 1.31642e-05, 1.69332e-05, 2.1562e-05, 2.71957e-05
0, 0, 0, 0, 0, 0, 1.35523e-30, 1.00668e-26, 6.03842e-24, 8.84278e-22, 5.12806e-20, 1.53577e-18, 2.79947e-17, 3.46633e-16, 3.14984e-15, 2.22303e-14, 1.27186e-13, 6.09789e-13, 2.51509e-12, 9.1141e-12, 2.95204e-11, 8.6684e-11, 2.33507e-10, 5.82816e-10, 1.35928e-09, 2.9838e-09, 6.20331e-09, 1.22804e-08, 2.32583e-08, 4.23163e-08, 7.42289e-08, 1.2594e-07, 2.07256e-07, 3.31665e-07, 5.17276e-07, 7.87861e-07, 1.174e-06, 1.71431e-06, 2.4567e-06, 3.45971e-06, 4.79376e-06, 6.54251e-06, 8.804e-06, 1.16919e-05, 1.53363e-05, 1.98851e-05, 2.55042e-05, 3.23787e-05, 4.07128e-05, 5.07305e-05
0, 0, 0, 0, 0, 4.80141e-35, 6.88438e-29, 2.57141e-25, 1.03477e-22, 1.14437e-20, 5.34887e-19, 1.34562e-17, 2.12035e-16, 2.31785e-15, 1.88977e-14, 1.21207e-13, 6.36792e-13, 2.82781e-12, 1.08814e-11, 3.70158e-11, 1.1315e-10, 3.15024e-10, 8.07884e-10, 1.9266e-09, 4.30697e-09, 9.08836e-09, 1.82101e-08, 3.48247e-08, 6.38496e-08, 1.12675e-07, 1.92043e-07, 3.17096e-07, 5.08604e-07, 7.94347e-07, 1.21064e-06, 1.80396e-06, 2.63269e-06, 3.76885e-06, 5.29986e-06, 7.33027e-06, 9.98337e-06, 1.34027e-05, 1.77536e-05, 2.32238e-05, 3.00252e-05, 3.83939e-05, 4.85911e-05, 6.0903e-05, 7.56412e-05, 9.3142e-05
0, 0, 0, 0, 0, 1.4179e-32, 2.91961e-27, 5.90707e-24, 1.63723e-21, 1.38609e-19, 5.26578e-18, 1.11923e-16, 1.53105e-15, 1.4825e-14, 1.0874e-13, 6.35249e-13, 3.07059e-12, 1.26507e-11, 4.5483e-11, 1.45436e-10, 4.20066e-10, 1.11009e-09, 2.71301e-09, 6.18746e-09, 1.32702e-08, 2.69401e-08, 5.20636e-08, 9.62523e-08, 1.70956e-07, 2.92805e-07, 4.852e-07, 7.80138e-07, 1.22025e-06, 1.861e-06, 2.77303e-06, 4.04451e-06, 5.78356e-06, 8.12057e-06, 1.12104e-05, 1.52343e-05, 2.0402e-05, 2.69527e-05, 3.51568e-05, 4.53164e-05, 5.77658e-05, 7.28718e-05, 9.10334e-05, 0.000112681, 0.000138276, 0.000168309
0, 0, 0, 0, 0, 2.03717e-30, 1.05451e-25, 1.22683e-22, 2.39686e-20, 1.57285e-18, 4.89499e-17, 8.8387e-16, 1.05397e-14, 9.06901e-14, 6.0002e-13, 3.19973e-12, 1.42568e-11, 5.45851e-11, 1.83633e-10, 5.52674e-10, 1.51015e-09, 3.79224e-09, 8.84128e-09, 1.93022e-08, 3.97505e-08, 7.7702e-08, 1.44948e-07, 2.59245e-07, 4.46364e-07, 7.42494e-07, 1.19696e-06, 1.87519e-06, 2.86192e-06, 4.26441e-06, 6.21575e-06, 8.87804e-06, 1.24454e-05, 1.71466e-05, 2.32477e-05, 3.10535e-05, 4.09097e-05, 5.32032e-05, 6.83629e-05, 8.68598e-05, 0.000109206, 0.000135954, 0.000167694, 0.000205055, 0.000248698, 0.000299317
0, 0, 0, 0, 0, 1.89727e-28, 3.29284e-24, 2.31379e-21, 3.25268e-19, 1.67348e-17, 4.29823e-16, 6.62795e-15, 6.91682e-14, 5.30548e-13, 3.17439e-12, 1.54863e-11, 6.37238e-11, 2.27107e-10, 7.15961e-10, 2.03086e-09, 5.2561e-09, 1.25561e-08, 2.79544e-08, 5.84776e-08, 1.1574e-07, 2.18024e-07, 3.92892e-07, 6.80323e-07, 1.13633e-06, 1.83699e-06, 2.88277e-06, 4.40307e-06, 6.56071e-06, 9.55636e-06, 1.36327e-05, 1.90781e-05, 2.62298e-05, 3.54767e-05, 4.72609e-05, 6.20791e-05, 8.04827e-05, 0.000103077, 0.000130523, 0.000163529, 0.000202854, 0.000249305, 0.000303727, 0.000367006, 0.00044006, 0.000523835
0, 0, 0, 0, 0, 1.28755e-26, 8.99386e-23, 3.97753e-20, 4.09816e-18, 1.6707e-16, 3.56612e-15, 4.71969e-14, 4.32702e-13, 2.96771e-12, 1.60984e-11, 7.20016e-11, 2.74128e-10, 9.10908e-10, 2.69498e-09, 7.2144e-09, 1.77069e-08, 4.02845e-08, 8.57355e-08, 1.72015e-07, 3.27499e-07, 5.9502e-07, 1.03666e-06, 1.7392e-06, 2.82006e-06, 4.43356e-06, 6.77726e-06, 1.00982e-05, 1.46985e-05, 2.09409e-05, 2.92529e-05, 4.01302e-05, 5.41392e-05, 7.19183e-05, 9.41779e-05, 0.0001217, 0.000155334, 0.000195996, 0.000244666, 0.000302377, 0.000370216, 0.000449314, 0.000540842, 0.000646002, 0.000766021, 0.000902143
0, 0, 0, 0, 0, 6.78572e-25, 2.16869e-21, 6.25196e-19, 4.80024e-17, 1.56593e-15, 2.79614e-14, 3.19146e-13, 2.58002e-12, 1.58696e-11, 7.82415e-11, 3.21507e-10, 1.13466e-09, 3.52121e-09, 9.79123e-09, 2.47695e-08, 5.77236e-08, 1.25211e-07, 2.55005e-07, 4.91187e-07, 9.00403e-07, 1.57918e-06, 2.6621e-06, 4.33051e-06, 6.82152e-06, 1.04367e-05, 1.55506e-05, 2.26176e-05, 3.21787e-05, 4.48658e-05, 6.14053e-05, 8.26189e-05, 0.000109424, 0.000142831, 0.000183941, 0.00023394, 0.00029409, 0.000365727, 0.000450248, 0.000549104, 0.000663789, 0.000795833, 0.000946788, 0.00111822, 0.0013117, 0.0015288
0, 0, 0, 0, 5.41685e-29, 2.89054e-23, 4.65118e-20, 9.00921e-18, 5.23298e-16, 1.37859e-14, 2.0722e-13, 2.04918e-12, 1.466e-11, 8.11076e-11, 3.64339e-10, 1.37839e-09, 4.51764e-09, 1.31147e-08, 3.43253e-08, 8.21703e-08, 1.82047e-07, 3.76933e-07, 7.35383e-07, 1.36123e-06, 2.40477e-06, 4.07492e-06, 6.65203e-06, 1.05005e-05, 1.60806e-05, 2.39595e-05, 3.48197e-05, 4.94661e-05, 6.88304e-05, 9.39723e-05, 0.000126079, 0.000166461, 0.000216548, 0.000277878, 0.000352091, 0.000440913, 0.000546149, 0.000669663, 0.000813371, 0.00097922, 0.00116918, 0.00138522, 0.00162931, 0.0019034, 0.0022094, 0.00254917
0, 0, 0, 0, 1.33304e-26, 1.02269e-21, 8.9265e-19, 1.19288e-16, 5.31437e-15, 1.14035e-13, 1.45155e-12, 1.2492e-11, 7.93657e-11, 3.96089e-10, 1.62505e-09, 5.67224e-09, 1.72967e-08, 4.7049e-08, 1.16081e-07, 2.63314e-07, 5.55285e-07, 1.09873e-06, 2.05566e-06, 3.66039e-06, 6.23773e-06, 1.02213e-05, 1.61714e-05, 2.47903e-05, 3.69359e-05, 5.36316e-05, 7.60719e-05, 0.000105625, 0.000143831, 0.000192396, 0.00025318, 0.00032819, 0.000419559, 0.000529531, 0.000660444, 0.000814704, 0.000994771, 0.00120313, 0.00144229, 0.00171474, 0.00202293, 0.00236928, 0.00275614, 0.0031858, 0.00366044, 0.00418215
0, 0, 0, 0, 1.5872e-24, 3.06492e-20, 1.54071e-17, 1.454e-15, 5.03148e-14, 8.8651e-13, 9.61049e-12, 7.22892e-11, 4.09269e-10, 1.8477e-09, 6.94033e-09, 2.23976e-08, 6.36624e-08, 1.62528e-07, 3.78571e-07, 8.14835e-07, 1.6377e-06, 3.10037e-06, 5.56875e-06, 9.54844e-06, 1.5711e-05, 2.49177e-05, 3.82401e-05, 5.69743e-05, 8.26511e-05, 0.000117038, 0.000162137, 0.000220174, 0.000293583, 0.00038499, 0.000497184, 0.000633095, 0.000795764, 0.00098831, 0.0012139, 0.00147573, 0.00177698, 0.00212079, 0.00251024, 0.00294833, 0.00343795, 0.00398186, 0.00458268, 0.00524287, 0.00596474, 0.00675041
0, 0, 0, 0, 1.21781e-22, 7.89572e-19, 2.40144e-16, 1.63403e-14, 4.44357e-13, 6.47779e-12, 6.01355e-11, 3.9701e-10, 2.00971e-09, 8.23065e-09, 2.83726e-08, 8.48323e-08, 2.25176e-07, 5.40444e-07, 1.19025e-06, 2.43429e-06, 4.66895e-06, 8.4667e-06, 1.46158e-05, 2.41571e-05, 3.84157e-05, 5.90247e-05, 8.794e-05, 0.000127446, 0.000180148, 0.00024896, 0.000337081, 0.000447962, 0.000585271, 0.000752851, 0.000954676, 0.00119481, 0.00147736, 0.00180642, 0.00218605, 0.00262023, 0.00311282, 0.00366753, 0.00428789, 0.00497724, 0.00573869, 0.00657511, 0.00748915, 0.00848318, 0.00955931, 0.0107194
0, 0, 0, 0, 6.76607e-21, 1.76838e-17, 3.39164e-15, 1.69527e-13, 3.66225e-12, 4.4492e-11, 3.55558e-10, 2.06868e-09, 9.39417e-09, 3.4998e-08, 1.10984e-07, 3.08088e-07, 7.65111e-07, 1.7293e-06, 3.60655e-06, 7.0186e-06, 1.28629e-05, 2.23706e-05, 3.71567e-05, 5.92602e-05, 9.11689e-05, 0.000135829, 0.000196638, 0.000277422, 0.000382399, 0.000516131, 0.000683468, 0.000889481, 0.0011394, 0.00143854, 0.00179225, 0.00220581, 0.00268443, 0.00323315, 0.00385679, 0.00455995, 0.00534694, 0.00622174, 0.00718801, 0.00824908, 0.00940789, 0.010667, 0.0120287, 0.0134947, 0.0150667, 0.0167456
0, 0, 0, 0, 2.90001e-19, 3.47393e-16, 4.35256e-14, 1.62531e-12, 2.8175e-11, 2.87222e-10, 1.98599e-09, 1.02236e-08, 4.17849e-08, 1.41999e-07, 4.15233e-07, 1.07244e-06, 2.49649e-06, 5.32269e-06, 1.05284e-05, 1.95238e-05, 3.42351e-05, 5.71718e-05, 9.14722e-05, 0.000140923, 0.000209952, 0.000303595, 0.000427441, 0.000587553, 0.000790385, 0.00104268, 0.00135135, 0.00172342, 0.00216587, 0.00268558, 0.00328923, 0.00398321, 0.00477358, 0.005666, 0.0066657, 0.00777741, 0.00900538, 0.0103533, 0.0118245, 0.0134215, 0.0151465, 0.0170012, 0.0189868, 0.021104, 0.0233529, 0.0257335
0, 0, 0, 6.11117e-23, 9.97518e-18, 6.02819e-15, 5.08705e-13, 1.44107e-11, 2.02366e-10, 1.74246e-09, 1.0476e-08, 4.79032e-08, 1.76779e-07, 5.49506e-07, 1.48528e-06, 3.57663e-06, 7.81929e-06, 1.57533e-05, 2.96004e-05, 5.2381e-05, 8.79997e-05, 0.000141288, 0.000218004, 0.000324784, 0.000469062, 0.000658947, 0.000903086, 0.00121051, 0.00159046, 0.00205225, 0.00260509, 0.00325797, 0.00401951, 0.00489785, 0.0059006, 0.00703472, 0.00830649, 0.00972148, 0.0112845, 0.0129996, 0.0148701, 0.0168985, 0.0190868, 0.0214361, 0.0239468, 0.026619, 0.0294519, 0.0324442, 0.0355943, 0.0389
0, 0, 0, 1.20312e-20, 2.82828e-16, 9.29214e-14, 5.42455e-12, 1.18229e-10, 1.35698e-09, 9.9313e-09, 5.21665e-08, 2.12705e-07, 7.11034e-07, 2.02723e-06, 5.07706e-06, 1.14234e-05, 2.34995e-05, 4.48156e-05, 8.01205e-05, 0.000135499, 0.000218391, 0.000337539, 0.000502861, 0.000725267, 0.00101643, 0.00138857, 0.00185413, 0.00242561, 0.00311526, 0.00393491, 0.00489575, 0.00600822, 0.00728184, 0.00872516, 0.0103457, 0.0121497, 0.0141427, 0.0163288, 0.018711, 0.0212916, 0.0240716, 0.0270512, 0.0302298, 0.0336058, 0.0371769, 0.0409404, 0.0448928, 0.0490299, 0.0533474, 0.0578402
0, 0, 0, 1.13643e-18, 6.73746e-15, 1.27808e-12, 5.28512e-11, 8.9784e-10, 8.49392e-09, 5.31607e-08, 2.45116e-07, 8.94595e-07, 2.71754e-06, 7.12618e-06, 1.65766e-05, 3.49249e-05, 6.7736e-05, 0.000122498, 0.000208708, 0.00033783, 0.000523113, 0.000779313, 0.00112234, 0.00156885, 0.00213584, 0.00284024, 0.00369852, 0.00472642, 0.0059386, 0.00734847, 0.00896799, 0.0108076, 0.0128761, 0.0151807, 0.0177269, 0.0205187, 0.0235585, 0.0268474, 0.0303849, 0.0341696, 0.0381987, 0.0424685, 0.0469743, 0.0517107, 0.0566715, 0.0618501, 0.0672392, 0.072831, 0.0786177, 0.084591
0, 0, 0, 6.85514e-17, 1.36764e-13, 1.57423e-11, 4.70975e-10, 6.31203e-09, 4.96169e-08, 2.67129e-07, 1.08618e-06, 3.5618e-06, 9.86387e-06, 2.38564e-05, 5.16702e-05, 0.000102162, 0.00018718, 0.000321582, 0.000523026, 0.00081155, 0.001209, 0.00173837, 0.00242313, 0.00328655, 0.0043511, 0.00563794, 0.00716649, 0.00895411, 0.0110159, 0.0133644, 0.0160099, 0.0189601, 0.0222203, 0.0257936, 0.0296807, 0.0338807, 0.0383905, 0.0432057, 0.0483202, 0.0537268, 0.0594172, 0.065382, 0.0716113, 0.0780943, 0.08482, 0.0917768, 0.098953, 0.106337, 0.113916, 0.121678
0, 0, 0, 2.9653e-15, 2.39099e-12, 1.74122e-10, 3.84157e-09, 4.1078e-08, 2.70375e-07, 1.2594e-06, 4.53651e-06, 1.34166e-05, 3.39818e-05, 7.60151e-05, 0.000153678, 0.00028579, 0.000495653, 0.000810473, 0.00126046, 0.00187773, 0.00269516, 0.00374529, 0.00505925, 0.00666599, 0.00859155, 0.0108586, 0.0134863, 0.0164898, 0.0198805, 0.0236662, 0.027851, 0.0324359, 0.0374186, 0.0427942, 0.0485555, 0.0546932, 0.0611959, 0.0680511, 0.0752447, 0.082762, 0.0905871, 0.098704, 0.107096, 0.115746, 0.124638, 0.133755, 0.143079, 0.152595, 0.162288, 0.17214
0, 0, 0, 9.79149e-14, 3.62948e-11, 1.73317e-09, 2.86923e-08, 2.47407e-07, 1.37369e-06, 5.5672e-06, 1.7846e-05, 4.77807e-05, 0.000111044, 0.0002304, 0.000435887, 0.000764155, 0.00125711, 0.00196012, 0.00292, 0.00418307, 0.0057934, 0.00779137, 0.0102126, 0.0130873, 0.0164395, 0.0202875, 0.0246437, 0.0295145, 0.0349013, 0.0408009, 0.0472055, 0.0541038, 0.0614814, 0.0693211, 0.0776037, 0.0863082, 0.0954125, 0.104893, 0.114727, 0.12489, 0.135358, 0.146106, 0.157112, 0.168352, 0.179804, 0.191446, 0.203256, 0.215216, 0.227304, 0.239502
0, 0, 6.89449e-17, 2.56521e-12, 4.81365e-10, 1.55488e-08, 1.96254e-07, 1.37846e-06, 6.503e-06, 2.30582e-05, 6.60745e-05, 0.000160765, 0.000343955, 0.000663868, 0.00117835, 0.00195194, 0.00305239, 0.00454712, 0.00650006, 0.00896907, 0.0120041, 0.0156459, 0.0199256, 0.0248649, 0.0304757, 0.0367615, 0.0437182, 0.0513343, 0.0595927, 0.0684715, 0.0779444, 0.0879822, 0.0985533, 0.109624, 0.121161, 0.133128, 0.145491, 0.158215, 0.171265, 0.184609, 0.198214, 0.212048, 0.226083, 0.240288, 0.254639, 0.269107, 0.28367, 0.298305, 0.31299, 0.327706
0, 0, 1.018e-14, 5.47108e-11, 5.60417e-09, 1.25852e-07, 1.22912e-06, 7.10038e-06, 2.86616e-05, 8.94059e-05, 0.000230064, 0.000510651, 0.00100914, 0.00181723, 0.00303425, 0.00476064, 0.00709188, 0.0101136, 0.0138982, 0.0185026, 0.0239679, 0.030319, 0.0375661, 0.0457058, 0.0547229, 0.0645923, 0.0752807, 0.086748, 0.0989498, 0.111838, 0.125361, 0.139468, 0.154107, 0.169225, 0.184773, 0.200701, 0.21696, 0.233506, 0.250296, 0.267287, 0.284441, 0.301722, 0.319096, 0.336532, 0.354, 0.371473, 0.388926, 0.406337, 0.423684, 0.440949
0, 0, 7.11053e-13, 9.67157e-10, 5.74726e-08, 9.19495e-07, 7.04532e-06, 3.37856e-05, 0.000117503, 0.000324235, 0.000752661, 0.00153, 0.00280236, 0.00472251, 0.00743774, 0.01108, 0.0157589, 0.0215576, 0.028532, 0.0367111, 0.0460995, 0.0566803, 0.0684185, 0.0812645, 0.0951576, 0.110029, 0.125803, 0.142404, 0.15975, 0.177764, 0.196367, 0.215485, 0.235044, 0.254975, 0.275215, 0.2957, 0.316376, 0.337187, 0.358087, 0.37903, 0.399975, 0.420884, 0.441724, 0.462465, 0.483078, 0.503539, 0.523825, 0.543918, 0.5638, 0.583456
0, 0, 3.1227e-11, 1.43535e-08, 5.2044e-07, 6.06441e-06, 3.69336e-05, 0.000148359, 0.000447618, 0.00109866, 0.00231139, 0.00432032, 0.00735993, 0.0116429, 0.0173448, 0.0245949, 0.0334743, 0.0440173, 0.0562167, 0.07003, 0.0853866, 0.102194, 0.120346, 0.139725, 0.160208, 0.181671, 0.203992, 0.22705, 0.250732, 0.274929, 0.299539, 0.324468, 0.349629, 0.374942, 0.400334, 0.425739, 0.451099, 0.476359, 0.501473, 0.526399, 0.5511, 0.575543, 0.5997, 0.623548, 0.647064, 0.670231, 0.693035, 0.715463, 0.737505, 0.759153
0, 0, 9.66631e-10, 1.80482e-07, 4.1676e-06, 3.60915e-05, 0.000176898, 0.000600504, 0.00158257, 0.0034745, 0.00665625, 0.0114868, 0.0182661, 0.0272123, 0.0384553, 0.0520397, 0.0679364, 0.0860561, 0.106264, 0.128392, 0.152255, 0.177655, 0.204391, 0.232268, 0.261096, 0.290695, 0.3209, 0.351557, 0.382525, 0.413678, 0.444902, 0.476097, 0.507172, 0.53805, 0.568662, 0.59895, 0.628861, 0.658353, 0.68739, 0.715941, 0.743982, 0.771492, 0.798455, 0.82486, 0.850698, 0.875963, 0.900653, 0.924765, 0.948303, 0.971267
0, 0, 2.24082e-08, 1.93516e-06, 2.95316e-05, 0.000193658, 0.000773125, 0.00223743, 0.00518614, 0.010243, 0.0179555, 0.0287296, 0.042803, 0.0602505, 0.0810065, 0.104896, 0.131668, 0.161021, 0.192629, 0.226159, 0.261282, 0.297688, 0.335086, 0.37321, 0.411819, 0.450699, 0.489661, 0.528541, 0.567196, 0.605503, 0.643359, 0.680677, 0.717384, 0.753421, 0.78874, 0.823304, 0.857083, 0.890057, 0.92221, 0.953534, 0.984025, 1.01368, 1.04251, 1.07051, 1.0977, 1.12409, 1.14968, 1.1745, 1.19856, 1.22187
0, 7.77821e-11, 4.03421e-07, 1.77686e-05, 0.000185145, 0.000935672, 0.0030784, 0.00766194, 0.01573, 0.0281129, 0.0453198, 0.0675263, 0.0946208, 0.126276, 0.162024, 0.201315, 0.243574, 0.28823, 0.334742, 0.382611, 0.431392, 0.480691, 0.530166, 0.579525, 0.628521, 0.676948, 0.724638, 0.771453, 0.817285, 0.862048, 0.905678, 0.948128, 0.989365, 1.02937, 1.06814, 1.10566, 1.14195, 1.17702, 1.21089, 1.24357, 1.27509, 1.30548, 1.33477, 1.36298, 1.39014, 1.41629, 1.44146, 1.46568, 1.48897, 1.51138
0, 7.6566e-09, 5.77229e-06, 0.000140052, 0.00102605, 0.00406374, 0.0111467, 0.0240729, 0.0440903, 0.0717362, 0.106902, 0.149001, 0.197152, 0.250335, 0.307503, 0.367653, 0.429873, 0.49336, 0.557424, 0.621486, 0.685069, 0.747788, 0.809336, 0.869476, 0.928027, 0.984858, 1.03988, 1.09303, 1.14427, 1.1936, 1.24103, 1.28657, 1.33025, 1.37212, 1.41222, 1.45061, 1.48732, 1.52242, 1.55597, 1.58802, 1.61863, 1.64785, 1.67575, 1.70237, 1.72776, 1.75199, 1.77509, 1.79712, 1.81811, 1.83813
0, 3.46374e-07, 6.66196e-05, 0.000948361, 0.00501799, 0.0158307, 0.0366263, 0.0692604, 0.114014, 0.169943, 0.235376, 0.30834, 0.386847, 0.46907, 0.553418, 0.638565, 0.723439, 0.807196, 0.88919, 0.968941, 1.04611, 1.12045, 1.19183, 1.26016, 1.32542, 1.38763, 1.44683, 1.5031, 1.5565, 1.60715, 1.65515, 1.7006, 1.74362, 1.78431, 1.82278, 1.85915, 1.8935, 1.92596, 1.9566, 1.98553, 2.01283, 2.03859, 2.06288, 2.0858, 2.10739, 2.12775, 2.14692, 2.16498, 2.18197, 2.19797
0, 9.52977e-06, 0.000625803, 0.00551309, 0.0216046, 0.0551701, 0.108947, 0.182096, 0.271521, 0.373211, 0.483149, 0.597783, 0.7142, 0.830131, 0.943887, 1.05426, 1.16043, 1.26186, 1.35827, 1.44953, 1.53562, 1.61662, 1.69269, 1.764, 1.83076, 1.89319, 1.95152, 2.00598, 2.05679, 2.10417, 2.14834, 2.18948, 2.22779, 2.26346, 2.29664, 2.32751, 2.3562, 2.38286, 2.40762, 2.43059, 2.4519, 2.47165, 2.48994, 2.50686, 2.5225, 2.53693, 2.55023, 2.56248, 2.57373, 2.58405
0, 0.000177795, 0.00480667, 0.0274538, 0.081624, 0.171474, 0.292583, 0.43652, 0.594403, 0.758637, 0.923417, 1.08464, 1.23957, 1.38657, 1.52471, 1.65365, 1.77337, 1.88409, 1.9862, 2.08015, 2.16645, 2.24561, 2.31814, 2.38453, 2.44527, 2.50079, 2.5515, 2.5978, 2.64003, 2.67852, 2.71357, 2.74546, 2.77445, 2.80075, 2.82459, 2.84616, 2.86563, 2.88317, 2.89893, 2.91305, 2.92564, 2.93683, 2.94672, 2.9554, 2.96297, 2.96952, 2.9751, 2.9798, 2.98368, 2.98679
0, 0.00237355, 0.0302119, 0.116681, 0.269526, 0.473638, 0.707339, 0.95185, 1.1939, 1.42522, 1.64127, 1.83998, 2.02087, 2.18435, 2.33136, 2.46311, 2.58088, 2.68594, 2.77954, 2.86281, 2.93681, 3.00248, 3.0607, 3.11223, 3.15777, 3.19792, 3.23323, 3.26421, 3.29128, 3.31483, 3.33521, 3.35273, 3.36767, 3.38027, 3.39077, 3.39936, 3.40622, 3.41151, 3.41538, 3.41796, 3.41937, 3.41971, 3.41909, 3.41758, 3.41528, 3.41226, 3.40857, 3.40428, 3.39945, 3.39412
8.77521e-05, 0.0233081, 0.154982, 0.421026, 0.774093, 1.15806, 1.5346, 1.88337, 2.196, 2.47084, 2.70961, 2.91553, 3.09228, 3.24349, 3.37252, 3.48238, 3.5757, 3.65475, 3.72149, 3.77759, 3.82449, 3.86342, 3.89543, 3.92143, 3.94219, 3.95838, 3.97059, 3.9793, 3.98496, 3.98795, 3.98858, 3.98715, 3.98391, 3.97908, 3.97286, 3.9654, 3.95687, 3.9474, 3.93709, 3.92606, 3.9144, 3.90219, 3.8895, 3.8764, 3.86294, 3.84918, 3.83516, 3.82092, 3.8065, 3.79193
0.004319, 0.170326, 0.644864, 1.28101, 1.92288, 2.49562, 2.9781, 3.37321, 3.69206, 3.94727, 4.15041, 4.31128, 4.43795, 4.53689, 4.61331, 4.6714, 4.71449, 4.74528, 4.76596, 4.77829, 4.78372, 4.78343, 4.77841, 4.76945, 4.75722, 4.74228, 4.72511, 4.70608, 4.68553, 4.66373, 4.64091, 4.61729, 4.59302, 4.56825, 4.54309, 4.51767, 4.49205, 4.46632, 4.44054, 4.41476, 4.38904, 4.36342, 4.33791, 4.31257, 4.2874, 4.26243, 4.23768, 4.21315, 4.18887, 4.16484
0.0890989, 0.925686, 2.15491, 3.25859, 4.10518, 4.71865, 5.15284, 5.45579, 5.66382, 5.8031, 5.89228, 5.9447, 5.96993, 5.97494, 5.96486, 5.94349, 5.91369, 5.8776, 5.83687, 5.79275, 5.74622, 5.69801, 5.64873, 5.59882, 5.54863, 5.49845, 5.44848, 5.3989, 5.34983, 5.30137, 5.2536, 5.20657, 5.16032, 5.11488, 5.07026, 5.02647, 4.98353, 4.94142, 4.90014, 4.85968, 4.82003, 4.78118, 4.74311, 4.7058, 4.66925, 4.63343, 4.59833, 4.56392, 4.5302, 4.49714
0.990346, 3.69659, 5.70262, 6.86051, 7.4815, 7.7924, 7.92427, 7.95103, 7.91517, 7.84184, 7.74631, 7.63808, 7.52314, 7.40535, 7.28718, 7.17022, 7.05547, 6.94356, 6.83486, 6.72956, 6.62775, 6.52941, 6.43451, 6.34296, 6.25464, 6.16944, 6.08723, 6.00789, 5.93128, 5.85728, 5.78577, 5.71664, 5.64977, 5.58504, 5.52237, 5.46166, 5.40281, 5.34574, 5.29036, 5.2366, 5.18439, 5.13365, 5.08433, 5.03635, 4.98967, 4.94423, 4.89998, 4.85686, 4.81484, 4.77386
6.31563, 10.5781, 11.734, 11.8214, 11.5603, 11.1915, 10.801, 10.4211, 10.0632, 9.73067, 9.42328, 9.13948, 8.87726, 8.63456, 8.40941, 8.20002, 8.0048, 7.82232, 7.65134, 7.49076, 7.33961, 7.19702, 7.06226, 6.93464, 6.81358, 6.69855, 6.58906, 6.4847, 6.38508, 6.28986, 6.19873, 6.11142, 6.02766, 5.94721, 5.86989, 5.79547, 5.7238, 5.6547, 5.58803, 5.52365, 5.46144, 5.40126, 5.34303, 5.28662, 5.23196, 5.17896, 5.12752, 5.07758, 5.02907, 4.98191
22.5056, 20.8176, 18.3685, 16.486, 15.0534, 13.9289, 13.0194, 12.2653, 11.6276, 11.0793, 10.6015, 10.1803, 9.8054, 9.46898, 9.16487, 8.88823, 8.63516, 8.40251, 8.18767, 7.98849, 7.80315, 7.63012, 7.4681, 7.31598, 7.17278, 7.03766, 6.9099, 6.78884, 6.67393, 6.56466, 6.46059, 6.3613, 6.26646, 6.17574, 6.08884, 6.00551, 5.92551, 5.84862, 5.77465, 5.70341, 5.63475, 5.5685, 5.50454, 5.44273, 5.38296, 5.32512, 5.2691, 5.21481, 5.16216, 5.11108
39.1899, 26.5717, 21.4088, 18.4414, 16.4471, 14.9871, 13.8582, 12.9514, 12.2022, 11.5698, 11.0265, 10.5532, 10.1361, 9.76484, 9.43162, 9.13034, 8.85621, 8.60539, 8.37473, 8.16169, 7.96412, 7.78024, 7.60853, 7.44772, 7.29669, 7.15449, 7.02029, 6.89338, 6.7731, 6.65892, 6.55031, 6.44686, 6.34816, 6.25385, 6.16363, 6.07721, 5.99432, 5.91473, 5.83823, 5.76462, 5.69373, 5.6254, 5.55946, 5.49579, 5.43426, 5.37475, 5.31716, 5.26137, 5.20731, 5.15488
22.5056, 20.8176, 18.3685, 16.486, 15.0534, 13.9289, 13.0194, 12.2653, 11.6276, 11.0793, 10.6015, 10.1803, 9.8054, 9.46898, 9.16487, 8.88823, 8.63516, 8.40251, 8.18767, 7.98849, 7.80315, 7.63012, 7.4681, 7.31598, 7.17278, 7.03766, 6.9099, 6.78884, 6.67393, 6.56466, 6.46059, 6.3613, 6.26646, 6.17574, 6.08884, 6.00551, 5.92551, 5.84862, 5.77465, 5.70341, 5.63475, 5.5685, 5.50454, 5.44273, 5.38296, 5.32512, 5.2691, 5.21481, 5.16216, 5.11108
6.31563, 10.5781, 11.734, 11.8214, 11.5603, 11.1915, 10.801, 10.4211, 10.0632, 9.73067, 9.42328, 9.13948, 8.87726, 8.63456, 8.40941, 8.20002, 8.0048, 7.82232, 7.65134, 7.49076, 7.33961, 7.19702, 7.06226, 6.93464, 6.81358, 6.69855, 6.58906, 6.4847, 6.38508, 6.28986, 6.19873, 6.11142, 6.02766, 5.94721, 5.86989, 5.79547, 5.7238, 5.6547, 5.58803, 5.52365, 5.46144, 5.40126, 5.34303, 5.28662, 5.23196, 5.17896, 5.12752, 5.07758, 5.02907, 4.98191
0.990346, 3.69659, 5.70262, 6.86051, 7.4815, 7.7924, 7.92427, 7.95103, 7.91517, 7.84184, 7.74631, 7.63808, 7.52314, 7.40535, 7.28718, 7.17022, 7.05547, 6.94356, 6.83486, 6.72956, 6.62775, 6.52941, 6.43451, 6.34296, 6.25464, 6.16944, 6.08723, 6.00789, 5.93128, 5.85728, 5.78577, 5.71664, 5.64977, 5.58504, 5.52237, 5.46166, 5.40281, 5.34574, 5.29036, 5.2366, 5.18439, 5.13365, 5.08433, 5.03635, 4.98967, 4.94423, 4.89998, 4.85686, 4.81484, 4.77386
0.0890989, 0.925686, 2.15491, 3.25859, 4.10518, 4.71865, 5.15284, 5.45579, 5.66382, 5.8031, 5.89228, 5.9447, 5.96993, 5.97494, 5.96486, 5.94349, 5.91369, 5.8776, 5.83687, 5.79275, 5.74622, 5.69801, 5.64873, 5.59882, 5.54863, 5.49845, 5.44848, 5.3989, 5.34983, 5.30137, 5.2536, 5.20657, 5.16032, 5.11488, 5.07026, 5.02647, 4.98353, 4.94142, 4.90014, 4.85968, 4.82003, 4.78118, 4.74311, 4.7058, 4.66925, 4.63343, 4.59833, 4.56392, 4.5302, 4.49714
0.004319, 0.170326, 0.644864, 1.28101, 1.92288, 2.49562, 2.9781, 3.37321, 3.69206, 3.94727, 4.15041, 4.31128, 4.43795, 4.53689, 4.61331, 4.6714, 4.71449, 4.74528, 4.76596, 4.77829, 4.78372, 4.78343, 4.77841, 4.76945, 4.75722, 4.74228, 4.72511, 4.70608, 4.68553, 4.66373, 4.64091, 4.61729, 4.59302, 4.56825, 4.54309, 4.51767, 4.49205, 4.46632, 4.44054, 4.41476, 4.38904, 4.36342, 4.33791, 4.31257, 4.2874, 4.26243, 4.23768, 4.21315, 4.18887, 4.16484
8.77521e-05, 0.0233081, 0.154982, 0.421026, 0.774093, 1.15806, 1.5346, 1.88337, 2.196, 2.47084, 2.70961, 2.91553, 3.09228, 3.24349, 3.37252, 3.48238, 3.5757, 3.65475, 3.72149, 3.77759, 3.82449, 3.86342, 3.89543, 3.92143, 3.94219, 3.95838, 3.97059, 3.9793, 3.98496, 3.98795, 3.98858, 3.98715, 3.98391, 3.97908, 3.97286, 3.9654, 3.95687, 3.9474, 3.93709, 3.92606, 3.9144, 3.90219, 3.8895, 3.8764, 3.86294, 3.84918, 3.83516, 3.82092, 3.8065, 3.79193
0, 0.00237355, 0.0302119, 0.116681, 0.269526, 0.473638, 0.707339, 0.95185, 1.1939, 1.42522, 1.64127, 1.83998, 2.02087, 2.18435, 2.33136, 2.46311, 2.58088, 2.68594, 2.77954, 2.86281, 2.93681, 3.00248, 3.0607, 3.11223, 3.15777, 3.19792, 3.23323, 3.26421, 3.29128, 3.31483, 3.33521, 3.35273, 3.36767, 3.38027, 3.39077, 3.39936, 3.40622, 3.41151, 3.41538, 3.41796, 3.41937, 3.41971, 3.41909, 3.41758, 3.41528, 3.41226, 3.40857, 3.40428, 3.39945, 3.39412
0, 0.000177795, 0.00480667, 0.0274538, 0.081624, 0.171474, 0.292583, 0.43652, 0.594403, 0.758637, 0.923417, 1.08464, 1.23957, 1.38657, 1.52471, 1.65365, 1.77337, 1.88409, 1.9862, 2.08015, 2.16645, 2.24561, 2.31814, 2.38453, 2.44527, 2.50079, 2.5515, 2.5978, 2.64003, 2.67852, 2.71357, 2.74546, 2.77445, 2.80075, 2.82459, 2.84616, 2.86563, 2.88317, 2.89893, 2.91305, 2.92564, 2.93683, 2.94672, 2.9554, 2.96297, 2.96952, 2.9751, 2.9798, 2.98368, 2.98679
0, 9.52977e-06, 0.000625803, 0.00551309, 0.0216046, 0.0551701, 0.108947, 0.182096, 0.271521, 0.373211, 0.483149, 0.597783, 0.7142, 0.830131, 0.943887, 1.05426, 1.16043, 1.26186, 1.35827, 1.44953, 1.53562, 1.61662, 1.69269, 1.764, 1.83076, 1.89319, 1.95152, 2.00598, 2.05679, 2.10417, 2.14834, 2.18948, 2.22779, 2.26346, 2.29664, 2.32751, 2.3562, 2.38286, 2.40762, 2.43059, 2.4519, 2.47165, 2.48994, 2.50686, 2.5225, 2.53693, 2.55023, 2.56248, 2.57373, 2.58405
0, 3.46374e-07, 6.66196e-05, 0.000948361, 0.00501799, 0.0158307, 0.0366263, 0.0692604, 0.114014, 0.169943, 0.235376, 0.30834, 0.386847, 0.46907, 0.553418, 0.638565, 0.723439, 0.807196, 0.88919, 0.968941, 1.04611, 1.12045, 1.19183, 1.26016, 1.32542, 1.38763, 1.44683, 1.5031, 1.5565, 1.60715, 1.65515, 1.7006, 1.74362, 1.78431, 1.82278, 1.85915, 1.8935, 1.92596, 1.9566, 1.98553, 2.01283, 2.03859, 2.06288, 2.0858, 2.10739, 2.12775, 2.14692, 2.16498, 2.18197, 2.19797
0, 7.6566e-09, 5.77229e-06, 0.000140052, 0.00102605, 0.00406374, 0.0111467, 0.0240729, 0.0440903, 0.0717362, 0.106902, 0.149001, 0.197152, 0.250335, 0.307503, 0.367653, 0.429873, 0.49336, 0.557424, 0.621486, 0.685069, 0.747788, 0.809336, 0.869476, 0.928027, 0.984858, 1.03988, 1.09303, 1.14427, 1.1936, 1.24103, 1.28657, 1.33025, 1.37212, 1.41222, 1.45061, 1.48732, 1.52242, 1.55597, 1.58802, 1.61863, 1.64785, 1.67575, 1.70237, 1.72776, 1.75199, 1.77509, 1.79712, 1.81811, 1.83813
0, 7.77821e-11, 4.03421e-07, 1.77686e-05, 0.000185145, 0.000935672, 0.0030784, 0.00766194, 0.01573, 0.0281129, 0.0453198, 0.0675263, 0.0946208, 0.126276, 0.162024, 0.201315, 0.243574, 0.28823, 0.334742, 0.382611, 0.431392, 0.480691, 0.530166, 0.579525, 0.628521, 0.676948, 0.724638, 0.771453, 0.817285, 0.862048, 0.905678, 0.948128, 0.989365, 1.02937, 1.06814, 1.10566, 1.14195, 1.17702, 1.21089, 1.24357, 1.27509, 1.30548, 1.33477, 1.36298, 1.39014, 1.41629, 1.44146, 1.46568, 1.48897, 1.51138
0, 0, 2.24082e-08, 1.93516e-06, 2.95316e-05, 0.000193658, 0.000773125, 0.00223743, 0.00518614, 0.010243, 0.0179555, 0.0287296, 0.042803, 0.0602505, 0.0810065, 0.104896, 0.131668, 0.161021, 0.192629, 0.226159, 0.261282, 0.297688, 0.335086, 0.37321, 0.411819, 0.450699, 0.489661, 0.528541, 0.567196, 0.605503, 0.643359, 0.680677, 0.717384, 0.753421, 0.78874, 0.823304, 0.857083, 0.890057, 0.92221, 0.953534, 0.984025, 1.01368, 1.04251, 1.07051, 1.0977, 1.12409, 1.14968, 1.1745, 1.19856, 1.22187
0, 0, 9.66631e-10, 1.80482e-07, 4.1676e-06, 3.60915e-05, 0.000176898, 0.000600504, 0.00158257, 0.0034745, 0.00665625, 0.0114868, 0.0182661, 0.0272123, 0.0384553, 0.0520397, 0.0679364, 0.0860561, 0.106264, 0.128392, 0.152255, 0.177655, 0.204391, 0.232268, 0.261096, 0.290695, 0.3209, 0.351557, 0.382525, 0.413678, 0.444902, 0.476097, 0.507172, 0.53805, 0.568662, 0.59895, 0.628861, 0.658353, 0.68739, 0.715941, 0.743982, 0.771492, 0.798455, 0.82486, 0.850698, 0.875963, 0.900653, 0.924765, 0.948303, 0.971267
0, 0, 3.1227e-11, 1.43535e-08, 5.2044e-07, 6.06441e-06, 3.69336e-05, 0.000148359, 0.000447618, 0.00109866, 0.00231139, 0.00432032, 0.00735993, 0.0116429, 0.0173448, 0.0245949, 0.0334743, 0.0440173, 0.0562167, 0.07003, 0.0853866, 0.102194, 0.120346, 0.139725, 0.160208, 0.181671, 0.203992, 0.22705, 0.250732, 0.274929, 0.299539, 0.324468, 0.349629, 0.374942, 0.400334, 0.425739, 0.451099, 0.476359, 0.501473, 0.526399, 0.5511, 0.575543, 0.5997, 0.623548, 0.647064, 0.670231, 0.693035, 0.715463, 0.737505, 0.759153
0, 0, 7.11053e-13, 9.67157e-10, 5.74726e-08, 9.19495e-07, 7.04532e-06, 3.37856e-05, 0.000117503, 0.000324235, 0.000752661, 0.00153, 0.00280236, 0.00472251, 0.00743774, 0.01108, 0.0157589, 0.0215576, 0.028532, 0.0367111, 0.0460995, 0.0566803, 0.0684185, 0.0812645, 0.0951576, 0.110029, 0.125803, 0.142404, 0.15975, 0.177764, 0.196367, 0.215485, 0.235044, 0.254975, 0.275215, 0.2957, 0.316376, 0.337187, 0.358087, 0.37903, 0.399975, 0.420884, 0.441724, 0.462465, 0.483078, 0.503539, 0.523825, 0.543918, 0.5638, 0.583456
0, 0, 1.018e-14, 5.47108e-11, 5.60417e-09, 1.25852e-07, 1.22912e-06, 7.10038e-06, 2.86616e-05, 8.94059e-05, 0.000230064, 0.000510651, 0.00100914, 0.00181723, 0.00303425, 0.00476064, 0.00709188, 0.0101136, 0.0138982, 0.0185026, 0.0239679, 0.030319, 0.0375661, 0.0457058, 0.0547229, 0.0645923, 0.0752807, 0.086748, 0.0989498, 0.111838, 0.125361, 0.139468, 0.154107, 0.169225, 0.184773, 0.200701, 0.21696, 0.233506, 0.250296, 0.267287, 0.284441, 0.301722, 0.319096, 0.336532, 0.354, 0.371473, 0.388926, 0.406337, 0.423684, 0.440949
0, 0, 6.89449e-17, 2.56521e-12, 4.81365e-10, 1.55488e-08, 1.96254e-07, 1.37846e-06, 6.503e-06, 2.30582e-05, 6.60745e-05, 0.000160765, 0.000343955, 0.000663868, 0.00117835, 0.00195194, 0.00305239, 0.00454712, 0.00650006, 0.00896907, 0.0120041, 0.0156459, 0.0199256, 0.0248649, 0.0304757, 0.0367615, 0.0437182, 0.0513343, 0.0595927, 0.0684715, 0.0779444, 0.0879822, 0.0985533, 0.109624, 0.121161, 0.133128, 0.145491, 0.158215, 0.171265, 0.184609, 0.198214, 0.212048, 0.226083, 0.240288, 0.254639, 0.269107, 0.28367, 0.298305, 0.31299, 0.327706
0, 0, 0, 9.79149e-14, 3.62948e-11, 1.73317e-09, 2.86923e-08, 2.47407e-07, 1.37369e-06, 5.5672e-06, 1.7846e-05, 4.77807e-05, 0.000111044, 0.0002304, 0.000435887, 0.000764155, 0.00125711, 0.00196012, 0.00292, 0.00418307, 0.0057934, 0.00779137, 0.0102126, 0.0130873, 0.0164395, 0.0202875, 0.0246437, 0.0295145, 0.0349013, 0.0408009, 0.0472055, 0.0541038, 0.0614814, 0.0693211, 0.0776037, 0.0863082, 0.0954125, 0.104893, 0.114727, 0.12489, 0.135358, 0.146106, 0.157112, 0.168352, 0.179804, 0.191446, 0.203256, 0.215216, 0.227304, 0.239502
0, 0, 0, 2.9653e-15, 2.39099e-12, 1.74122e-10, 3.84157e-09, 4.1078e-08, 2.70375e-07, 1.2594e-06, 4.53651e-06, 1.34166e-05, 3.39818e-05, 7.60151e-05, 0.000153678, 0.00028579, 0.000495653, 0.000810473, 0.00126046, 0.00187773, 0.00269516, 0.00374529, 0.00505925, 0.00666599, 0.00859155, 0.0108586, 0.0134863, 0.0164898, 0.0198805, 0.0236662, 0.027851, 0.0324359, 0.0374186, 0.0427942, 0.0485555, 0.0546932, 0.0611959, 0.0680511, 0.0752447, 0.082762, 0.0905871, 0.098704, 0.107096, 0.115746, 0.124638, 0.133755, 0.143079, 0.152595, 0.162288, 0.17214
0, 0, 0, 6.85514e-17, 1.36764e-13, 1.57423e-11, 4.70975e-10, 6.31203e-09, 4.96169e-08, 2.67129e-07, 1.08618e-06, 3.5618e-06, 9.86387e-06, 2.38564e-05, 5.16702e-05, 0.000102162, 0.00018718, 0.000321582, 0.000523026, 0.00081155, 0.001209, 0.00173837, 0.00242313, 0.00328655, 0.0043511, 0.00563794, 0.00716649, 0.00895411, 0.0110159, 0.0133644, 0.0160099, 0.0189601, 0.0222203, 0.0257936, 0.0296807, 0.0338807, 0.0383905, 0.0432057, 0.0483202, 0.0537268, 0.0594172, 0.065382, 0.0716113, 0.0780943, 0.08482, 0.0917768, 0.098953, 0.106337, 0.113916, 0.121678
0, 0, 0, 1.13643e-18, 6.73746e-15, 1.27808e-12, 5.28512e-11, 8.9784e-10, 8.49392e-09, 5.31607e-08, 2.45116e-07, 8.94595e-07, 2.71754e-06, 7.12618e-06, 1.65766e-05, 3.49249e-05, 6.7736e-05, 0.000122498, 0.000208708, 0.00033783, 0.000523113, 0.000779313, 0.00112234, 0.00156885, 0.00213584, 0.00284024, 0.00369852, 0.00472642, 0.0059386, 0.00734847, 0.00896799, 0.0108076, 0.0128761, 0.0151807, 0.0177269, 0.0205187, 0.0235585, 0.0268474, 0.0303849, 0.0341696, 0.0381987, 0.0424685, 0.0469743, 0.0517107, 0.0566715, 0.0618501, 0.0672392, 0.072831, 0.0786177, 0.084591
0, 0, 0, 1.20312e-20, 2.82828e-16, 9.29214e-14, 5.42455e-12, 1.18229e-10, 1.35698e-09, 9.9313e-09, 5.21665e-08, 2.12705e-07, 7.11034e-07, 2.02723e-06, 5.07706e-06, 1.14234e-05, 2.34995e-05, 4.48156e-05, 8.01205e-05, 0.000135499, 0.000218391, 0.000337539, 0.000502861, 0.000725267, 0.00101643, 0.00138857, 0.00185413, 0.00242561, 0.00311526, 0.00393491, 0.00489575, 0.00600822, 0.00728184, 0.00872516, 0.0103457, 0.0121497, 0.0141427, 0.0163288, 0.018711, 0.0212916, 0.0240716, 0.0270512, 0.0302298, 0.0336058, 0.0371769, 0.0409404, 0.0448928, 0.0490299, 0.0533474, 0.0578402
0, 0, 0, 6.11117e-23, 9.97518e-18, 6.02819e-15, 5.08705e-13, 1.44107e-11, 2.02366e-10, 1.74246e-09, 1.0476e-08, 4.79032e-08, 1.76779e-07, 5.49506e-07, 1.48528e-06, 3.57663e-06, 7.81929e-06, 1.57533e-05, 2.96004e-05, 5.2381e-05, 8.79997e-05, 0.000141288, 0.000218004, 0.000324784, 0.000469062, 0.000658947, 0.000903086, 0.00121051, 0.00159046, 0.00205225, 0.00260509, 0.00325797, 0.00401951, 0.00489785, 0.0059006, 0.00703472, 0.00830649, 0.00972148, 0.0112845, 0.0129996, 0.0148701, 0.0168985, 0.0190868, 0.0214361, 0.0239468, 0.026619, 0.0294519, 0.0324442, 0.0355943, 0.0389
0, 0, 0, 0, 2.90001e-19, 3.47393e-16, 4.35256e-14, 1.62531e-12, 2.8175e-11, 2.87222e-10, 1.98599e-09, 1.02236e-08, 4.17849e-08, 1.41999e-07, 4.15233e-07, 1.07244e-06, 2.49649e-06, 5.32269e-06, 1.05284e-05, 1.95238e-05, 3.42351e-05, 5.71718e-05, 9.14722e-05, 0.000140923, 0.000209952, 0.000303595, 0.000427441, 0.000587553, 0.000790385, 0.00104268, 0.00135135, 0.00172342, 0.00216587, 0.00268558, 0.00328923, 0.00398321, 0.00477358, 0.005666, 0.0066657, 0.00777741, 0.00900538, 0.0103533, 0.0118245, 0.0134215, 0.0151465, 0.0170012, 0.0189868, 0.021104, 0.0233529, 0.0257335
0, 0, 0, 0, 6.76607e-21, 1.76838e-17, 3.39164e-15, 1.69527e-13, 3.66225e-12, 4.4492e-11, 3.55558e-10, 2.06868e-09, 9.39417e-09, 3.4998e-08, 1.10984e-07, 3.08088e-07, 7.65111e-07, 1.7293e-06, 3.60655e-06, 7.0186e-06, 1.28629e-05, 2.23706e-05, 3.71567e-05, 5.92602e-05, 9.11689e-05, 0.000135829, 0.000196638, 0.000277422, 0.000382399, 0.000516131, 0.000683468, 0.000889481, 0.0011394, 0.00143854, 0.00179225, 0.00220581, 0.00268443, 0.00323315, 0.00385679, 0.00455995, 0.00534694, 0.00622174, 0.00718801, 0.00824908, 0.00940789, 0.010667, 0.0120287, 0.0134947, 0.0150667, 0.0167456
0, 0, 0, 0, 1.21781e-22, 7.89572e-19, 2.40144e-16, 1.63403e-14, 4.44357e-13, 6.47779e-12, 6.01355e-11, 3.9701e-10, 2.00971e-09, 8.23065e-09, 2.83726e-08, 8.48323e-08, 2.25176e-07, 5.40444e-07, 1.19025e-06, 2.43429e-06, 4.66895e-06, 8.4667e-06, 1.46158e-05, 2.41571e-05, 3.84157e-05, 5.90247e-05, 8.794e-05, 0.000127446, 0.000180148, 0.00024896, 0.000337081, 0.000447962, 0.000585271, 0.000752851, 0.000954676, 0.00119481, 0.00147736, 0.00180642, 0.00218605, 0.00262023, 0.00311282, 0.00366753, 0.00428789, 0.00497724, 0.00573869, 0.00657511, 0.00748915, 0.00848318, 0.00955931, 0.0107194
0, 0, 0, 0, 1.5872e-24, 3.06492e-20, 1.54071e-17, 1.454e-15, 5.03148e-14, 8.8651e-13, 9.61049e-12, 7.22892e-11, 4.09269e-10, 1.8477e-09, 6.94033e-09, 2.23976e-08, 6.36624e-08, 1.62528e-07, 3.78571e-07, 8.14835e-07, 1.6377e-06, 3.10037e-06, 5.56875e-06, 9.54844e-06, 1.5711e-05, 2.49177e-05, 3.82401e-05, 5.69743e-05, 8.26511e-05, 0.000117038, 0.000162137, 0.000220174, 0.000293583, 0.00038499, 0.000497184, 0.000633095, 0.000795764, 0.00098831, 0.0012139, 0.00147573, 0.00177698, 0.00212079, 0.00251024, 0.00294833, 0.00343795, 0.00398186, 0.00458268, 0.00524287, 0.00596474, 0.00675041
0, 0, 0, 0, 1.33304e-26, 1.02269e-21, 8.9265e-19, 1.19288e-16, 5.31437e-15, 1.14035e-13, 1.45155e-12, 1.2492e-11, 7.93657e-11, 3.96089e-10, 1.62505e-09, 5.67224e-09, 1.72967e-08, 4.7049e-08, 1.16081e-07, 2.63314e-07, 5.55285e-07, 1.09873e-06, 2.05566e-06, 3.66039e-06, 6.23773e-06, 1.02213e-05, 1.61714e-05, 2.47903e-05, 3.69359e-05, 5.36316e-05, 7.60719e-05, 0.000105625, 0.000143831, 0.000192396, 0.00025318, 0.00032819, 0.000419559, 0.000529531, 0.000660444, 0.000814704, 0.000994771, 0.00120313, 0.00144229, 0.00171474, 0.00202293, 0.00236928, 0.00275614, 0.0031858, 0.00366044, 0.00418215
0, 0, 0, 0, 5.41685e-29, 2.89054e-23, 4.65118e-20, 9.00921e-18, 5.23298e-16, 1.37859e-14, 2.0722e-13, 2.04918e-12, 1.466e-11, 8.11076e-11, 3.64339e-10, 1.37839e-09, 4.51764e-09, 1.31147e-08, 3.43253e-08, 8.21703e-08, 1.82047e-07, 3.76933e-07, 7.35383e-07, 1.36123e-06, 2.40477e-06, 4.07492e-06, 6.65203e-06, 1.05005e-05, 1.60806e-05, 2.39595e-05, 3.48197e-05, 4.94661e-05, 6.88304e-05, 9.39723e-05, 0.000126079, 0.000166461, 0.000216548, 0.000277878, 0.000352091, 0.000440913, 0.000546149, 0.000669663, 0.000813371, 0.00097922, 0.00116918, 0.00138522, 0.00162931, 0.0019034, 0.0022094, 0.00254917
0, 0, 0, 0, 0, 6.78572e-25, 2.16869e-21, 6.25196e-19, 4.80024e-17, 1.56593e-15, 2.79614e-14, 3.19146e-13, 2.58002e-12, 1.58696e-11, 7.82415e-11, 3.21507e-10, 1.13466e-09, 3.52121e-09, 9.79123e-09, 2.47695e-08, 5.77236e-08, 1.25211e-07, 2.55005e-07, 4.91187e-07, 9.00403e-07, 1.57918e-06, 2.6621e-06, 4.33051e-06, 6.82152e-06, 1.04367e-05, 1.55506e-05, 2.26176e-05, 3.21787e-05, 4.48658e-05, 6.14053e-05, 8.26189e-05, 0.000109424, 0.000142831, 0.000183941, 0.00023394, 0.00029409, 0.000365727, 0.000450248, 0.000549104, 0.000663789, 0.000795833, 0.000946788, 0.00111822, 0.0013117, 0.0015288
0, 0, 0, 0, 0, 1.28755e-26, 8.99386e-23, 3.97753e-20, 4.09816e-18, 1.6707e-16, 3.56612e-15, 4.71969e-14, 4.32702e-13, 2.96771e-12, 1.60984e-11, 7.20016e-11, 2.74128e-10, 9.10908e-10, 2.69498e-09, 7.2144e-09, 1.77069e-08, 4.02845e-08, 8.57355e-08, 1.72015e-07, 3.27499e-07, 5.9502e-07, 1.03666e-06, 1.7392e-06, 2.82006e-06, 4.43356e-06, 6.77726e-06, 1.00982e-05, 1.46985e-05, 2.09409e-05, 2.92529e-05, 4.01302e-05, 5.41392e-05, 7.19183e-05, 9.41779e-05, 0.0001217, 0.000155334, 0.000195996, 0.000244666, 0.000302377, 0.000370216, 0.000449314, 0.000540842, 0.000646002, 0.000766021, 0.000902143
0, 0, 0, 0, 0, 1.89727e-28, 3.29284e-24, 2.31379e-21, 3.25268e-19, 1.67348e-17, 4.29823e-16, 6.62795e-15, 6.91682e-14, 5.30548e-13, 3.17439e-12, 1.54863e-11, 6.37238e-11, 2.27107e-10, 7.15961e-10, 2.03086e-09, 5.2561e-09, 1.25561e-08, 2.79544e-08, 5.84776e-08, 1.1574e-07, 2.18024e-07, 3.92892e-07, 6.80323e-07, 1.13633e-06, 1.83699e-06, 2.88277e-06, 4.40307e-06, 6.56071e-06, 9.55636e-06, 1.36327e-05, 1.90781e-05, 2.62298e-05, 3.54767e-05, 4.72609e-05, 6.20791e-05, 8.04827e-05, 0.000103077, 0.000130523, 0.000163529, 0.000202854, 0.000249305, 0.000303727, 0.000367006, 0.00044006, 0.000523835
0, 0, 0, 0, 0, 2.03717e-30, 1.05451e-25, 1.22683e-22, 2.39686e-20, 1.57285e-18, 4.89499e-17, 8.8387e-16, 1.05397e-14, 9.06901e-14, 6.0002e-13, 3.19973e-12, 1.42568e-11, 5.45851e-11, 1.83633e-10, 5.52674e-10, 1.51015e-09, 3.79224e-09, 8.84128e-09, 1.93022e-08, 3.97505e-08, 7.7702e-08, 1.44948e-07, 2.59245e-07, 4.46364e-07, 7.42494e-07, 1.19696e-06, 1.87519e-06, 2.86192e-06, 4.26441e-06, 6.21575e-06, 8.87804e-06, 1.24454e-05, 1.71466e-05, 2.32477e-05, 3.10535e-05, 4.09097e-05, 5.32032e-05, 6.83629e-05, 8.68598e-05, 0.000109206, 0.000135954, 0.000167694, 0.000205055, 0.000248698, 0.000299317
0, 0, 0, 0, 0, 1.4179e-32, 2.91961e-27, 5.90707e-24, 1.63723e-21, 1.38609e-19, 5.26578e-18, 1.11923e-16, 1.53105e-15, 1.4825e-14, 1.0874e-13, 6.35249e-13, 3.07059e-12, 1.26507e-11, 4.5483e-11, 1.45436e-10, 4.20066e-10, 1.11009e-09, 2.71301e-09, 6.18746e-09, 1.32702e-08, 2.69401e-08, 5.20636e-08, 9.62523e-08, 1.70956e-07, 2.92805e-07, 4.852e-07, 7.80138e-07, 1.22025e-06, 1.861e-06, 2.77303e-06, 4.04451e-06, 5.78356e-06, 8.12057e-06, 1.12104e-05, 1.52343e-05, 2.0402e-05, 2.69527e-05, 3.51568e-05, 4.53164e-05, 5.77658e-05, 7.28718e-05, 9.10334e-05, 0.000112681, 0.000138276, 0.000168309
0, 0, 0, 0, 0, 4.80141e-35, 6.88438e-29, 2.57141e-25, 1.03477e-22, 1.14437e-20, 5.34887e-19, 1.34562e-17, 2.12035e-16, 2.31785e-15, 1.88977e-14, 1.21207e-13, 6.36792e-13, 2.82781e-12, 1.08814e-11, 3.70158e-11, 1.1315e-10, 3.15024e-10, 8.07884e-10, 1.9266e-09, 4.30697e-09, 9.08836e-09, 1.82101e-08, 3.48247e-08, 6.38496e-08, 1.12675e-07, 1.92043e-07, 3.17096e-07, 5.08604e-07, 7.94347e-07, 1.21064e-06, 1.80396e-06, 2.63269e-06, 3.76885e-06, 5.29986e-06, 7.33027e-06, 9.98337e-06, 1.34027e-05, 1.77536e-05, 2.32238e-05, 3.00252e-05, 3.83939e-05, 4.85911e-05, 6.0903e-05, 7.56412e-05, 9.3142e-05
0, 0, 0, 0, 0, 0, 1.35523e-30, 1.00668e-26, 6.03842e-24, 8.84278e-22, 5.12806e-20, 1.53577e-18, 2.79947e-17, 3.46633e-16, 3.14984e-15, 2.22303e-14, 1.27186e-13, 6.09789e-13, 2.51509e-12, 9.1141e-12, 2.95204e-11, 8.6684e-11, 2.33507e-10, 5.82816e-10, 1.35928e-09, 2.9838e-09, 6.20331e-09, 1.22804e-08, 2.32583e-08, 4.23163e-08, 7.42289e-08, 1.2594e-07, 2.07256e-07, 3.31665e-07, 5.17276e-07, 7.87861e-07, 1.174e-06, 1.71431e-06, 2.4567e-06, 3.45971e-06, 4.79376e-06, 6.54251e-06, 8.804e-06, 1.16919e-05, 1.53363e-05, 1.98851e-05, 2.55042e-05, 3.23787e-05, 4.07128e-05, 5.07305e-05
0, 0, 0, 0, 0, 0, 2.1668e-32, 3.52194e-28, 3.24538e-25, 6.38784e-23, 4.63764e-21, 1.66351e-19, 3.52348e-18, 4.95872e-17, 5.03594e-16, 3.91982e-15, 2.44696e-14, 1.26878e-13, 5.61755e-13, 2.17141e-12, 7.46132e-12, 2.31331e-11, 6.55223e-11, 1.71323e-10, 4.1722e-10, 9.53518e-10, 2.05845e-09, 4.2214e-09, 8.26441e-09, 1.55124e-08, 2.80224e-08, 4.88814e-08, 8.25814e-08, 1.35478e-07, 2.16336e-07, 3.3696e-07, 5.12913e-07, 7.64307e-07, 1.11667e-06, 1.60184e-06, 2.25895e-06, 3.13537e-06, 4.28772e-06, 5.78278e-06, 7.69848e-06, 1.01247e-05, 1.31642e-05, 1.69332e-05, 2.1562e-05, 2.71957e-05
0, 0, 0, 0, 0, 0, 2.70287e-34, 1.0927e-29, 1.60184e-26, 4.3081e-24, 3.95376e-22, 1.70959e-20, 4.22719e-19, 6.78569e-18, 7.72369e-17, 6.64585e-16, 4.53561e-15, 2.54772e-14, 1.21269e-13, 5.00677e-13, 1.82733e-12, 5.98845e-12, 1.78525e-11, 4.89469e-11, 1.24573e-10, 2.96646e-10, 6.65483e-10, 1.41477e-09, 2.865e-09, 5.55146e-09, 1.03337e-08, 1.85435e-08, 3.21782e-08, 5.41462e-08, 8.85686e-08, 1.41143e-07, 2.19568e-07, 3.34032e-07, 4.97758e-07, 7.27607e-07, 1.04473e-06, 1.47524e-06, 2.05096e-06, 2.81012e-06, 3.79812e-06, 5.06825e-06, 6.68238e-06, 8.71168e-06, 1.12372e-05, 1.43504e-05
0, 0, 0, 0, 0, 0, 2.46751e-36, 2.97803e-31, 7.23647e-28, 2.70844e-25, 3.17516e-23, 1.66635e-21, 4.83339e-20, 8.8825e-19, 1.13645e-17, 1.08355e-16, 8.10079e-16, 4.93799e-15, 2.53068e-14, 1.11749e-13, 4.33722e-13, 1.50405e-12, 4.72402e-12, 1.35937e-11, 3.61872e-11, 8.98607e-11, 2.09643e-10, 4.62352e-10, 9.69127e-10, 1.93977e-09, 3.72291e-09, 6.87642e-09, 1.22631e-08, 2.11762e-08, 3.54999e-08, 5.79083e-08, 9.21067e-08, 1.43117e-07, 2.17608e-07, 3.24273e-07, 4.74244e-07, 6.81552e-07, 9.63618e-07, 1.34177e-06, 1.8418e-06, 2.49448e-06, 3.33618e-06, 4.40935e-06, 5.76315e-06, 7.45389e-06
0, 0, 0, 0, 0, 0, 1.46628e-38, 7.04556e-33, 2.98049e-29, 1.5845e-26, 2.39983e-24, 1.53977e-22, 5.26604e-21, 1.11217e-19, 1.60424e-18, 1.69904e-17, 1.39431e-16, 9.23945e-16, 5.10606e-15, 2.41474e-14, 9.9787e-14, 3.66566e-13, 1.21423e-12, 3.67051e-12, 1.02291e-11, 2.65091e-11, 6.43639e-11, 1.4736e-10, 3.19922e-10, 6.61871e-10, 1.31052e-09, 2.49293e-09, 4.57137e-09, 8.10512e-09, 1.39321e-08, 2.32738e-08, 3.78662e-08, 6.012e-08, 9.33118e-08, 1.41808e-07, 2.1132e-07, 3.09195e-07, 4.44736e-07, 6.2955e-07, 8.77918e-07, 1.2072e-06, 1.63823e-06, 2.19575e-06, 2.90885e-06, 3.81136e-06
0, 0, 0, 0, 0, 0, 4.2559e-41, 1.42511e-34, 1.11404e-30, 8.60865e-28, 1.70538e-25, 1.34815e-23, 5.46565e-22, 1.33185e-20, 2.17263e-19, 2.56236e-18, 2.31303e-17, 1.66917e-16, 9.9623e-16, 5.05259e-15, 2.22576e-14, 8.67081e-14, 3.03209e-13, 9.63755e-13, 2.81408e-12, 7.617e-12, 1.92614e-11, 4.5811e-11, 1.0308e-10, 2.20563e-10, 4.50812e-10, 8.83675e-10, 1.66708e-09, 3.03635e-09, 5.35424e-09, 9.16399e-09, 1.52579e-08, 2.47635e-08, 3.925e-08, 6.08555e-08, 9.24384e-08, 1.37752e-07, 2.01643e-07, 2.90275e-07, 4.11372e-07, 5.74488e-07, 7.91289e-07, 1.07586e-06, 1.445e-06, 1.91858e-06
0, 0, 0, 0, 0, 0, 0, 2.41544e-36, 3.75841e-32, 4.33359e-29, 1.13814e-26, 1.11777e-24, 5.40246e-23, 1.52525e-21, 2.82288e-20, 3.71692e-19, 3.69853e-18, 2.91182e-17, 1.87984e-16, 1.02385e-15, 4.81385e-15, 1.99093e-14, 7.35709e-14, 2.46109e-13, 7.53573e-13, 2.13207e-12, 5.61928e-12, 1.38934e-11, 3.24219e-11, 7.17938e-11, 1.51563e-10, 3.06309e-10, 5.94813e-10, 1.11346e-09, 2.01519e-09, 3.53539e-09, 6.02647e-09, 1.00026e-08, 1.61966e-08, 2.563e-08, 3.96986e-08, 6.02738e-08, 8.98211e-08, 1.31537e-07, 1.89502e-07, 2.68853e-07, 3.75973e-07, 5.18694e-07, 7.06513e-07, 9.5083e-07
0, 0, 0, 0, 0, 0, 0, 3.3368e-38, 1.13704e-33, 2.01599e-30, 7.12417e-28, 8.77006e-26, 5.08367e-24, 1.67011e-22, 3.51854e-21, 5.18608e-20, 5.7008e-19, 4.9055e-18, 3.431e-17, 2.00957e-16, 1.00967e-15, 4.43818e-15, 1.73483e-14, 6.11327e-14, 1.96457e-13, 5.81452e-13, 1.5984e-12, 4.11109e-12, 9.95609e-12, 2.28294e-11, 4.98077e-11, 1.03841e-10, 2.07668e-10, 3.99742e-10, 7.42881e-10, 1.33651e-09, 2.33345e-09, 3.96243e-09, 6.55735e-09, 1.05946e-08, 1.67395e-08, 2.59034e-08, 3.93113e-08, 5.85829e-08, 8.58249e-08, 1.23738e-07, 1.75735e-07, 2.46077e-07, 3.40012e-07, 4.63939e-07
0, 0, 0, 0, 0, 0, 0, 3.60849e-40, 3.06059e-35, 8.64053e-32, 4.17644e-29, 6.50654e-27, 4.55216e-25, 1.74816e-23, 4.20688e-22, 6.95998e-21, 8.47079e-20, 7.98172e-19, 6.05776e-18, 3.82091e-17, 2.05402e-16, 9.60661e-16, 3.97614e-15, 1.47731e-14, 4.98685e-14, 1.54519e-13, 4.43368e-13, 1.18706e-12, 2.98528e-12, 7.09266e-12, 1.60012e-11, 3.44322e-11, 7.09529e-11, 1.4051e-10, 2.68255e-10, 4.95134e-10, 8.85804e-10, 1.53954e-09, 2.60484e-09, 4.29861e-09, 6.93065e-09, 1.09344e-08, 1.69049e-08, 2.5644e-08, 3.82151e-08, 5.60063e-08, 8.08031e-08, 1.14871e-07, 1.61049e-07, 2.22851e-07
0, 0, 0, 0, 0, 0, 0, 2.86515e-42, 7.25973e-37, 3.40009e-33, 2.28924e-30, 4.56051e-28, 3.87708e-26, 1.74879e-24, 4.82433e-23, 8.98418e-22, 1.21341e-20, 1.25439e-19, 1.03475e-18, 7.03844e-18, 4.05339e-17, 2.01934e-16, 8.85885e-16, 3.47359e-15, 1.23271e-14, 4.00189e-14, 1.19941e-13, 3.34511e-13, 8.74129e-13, 2.15316e-12, 5.02578e-12, 1.11682e-11, 2.37252e-11, 4.83589e-11, 9.48882e-11, 1.7976e-10, 3.29661e-10, 5.86639e-10, 1.01518e-09, 1.71169e-09, 2.81707e-09, 4.53271e-09, 7.14083e-09, 1.10295e-08, 1.67233e-08, 2.49192e-08, 3.65302e-08, 5.27341e-08, 7.50311e-08, 1.05307e-07
0, 0, 0, 0, 0, 0, 0, 1.48535e-44, 1.49937e-38, 1.22343e-34, 1.17104e-31, 3.01693e-29, 3.13906e-27, 1.67141e-25, 5.30551e-24, 1.11539e-22, 1.67567e-21, 1.90422e-20, 1.71011e-19, 1.25624e-18, 7.76e-18, 4.12252e-17, 1.91884e-16, 7.94736e-16, 2.96748e-15, 1.0101e-14, 3.16436e-14, 9.19876e-14, 2.49918e-13, 6.38559e-13, 1.54284e-12, 3.54209e-12, 7.76028e-12, 1.62866e-11, 3.2855e-11, 6.39016e-11, 1.20159e-10, 2.18981e-10, 3.87648e-10, 6.67925e-10, 1.12222e-09, 1.8417e-09, 2.95675e-09, 4.65023e-09, 7.17395e-09, 1.08687e-08, 1.61885e-08, 2.37289e-08, 3.42604e-08, 4.87669e-08
0, 0, 0, 0, 0, 0, 0, 3.77237e-47, 2.65523e-40, 4.00643e-36, 5.57868e-33, 1.88156e-30, 2.41449e-28, 1.52563e-26, 5.59394e-25, 1.33157e-23, 2.23037e-22, 2.79145e-21, 2.73348e-20, 2.17136e-19, 1.44023e-18, 8.16632e-18, 4.03577e-17, 1.76662e-16, 6.94366e-16, 2.47902e-15, 8.11936e-15, 2.4605e-14, 6.95039e-14, 1.84201e-13, 4.60624e-13, 1.09232e-12, 2.46737e-12, 5.32991e-12, 1.10495e-11, 2.20532e-11, 4.24963e-11, 7.92669e-11, 1.43451e-10, 2.52407e-10, 4.32629e-10, 7.23608e-10, 1.18292e-09, 1.89282e-09, 2.96851e-09, 4.56858e-09, 6.90759e-09, 1.02713e-08, 1.50349e-08, 2.16837e-08
0, 0, 0, 0, 0, 0, 0, 0, 3.95065e-42, 1.18669e-37, 2.46519e-34, 1.10179e-31, 1.75521e-29, 1.32084e-27, 5.60399e-26, 1.51113e-24, 2.82086e-23, 3.88393e-22, 4.14009e-21, 3.54869e-20, 2.52114e-19, 1.52148e-18, 7.95905e-18, 3.67024e-17, 1.51329e-16, 5.64644e-16, 1.92631e-15, 6.06235e-15, 1.77365e-14, 4.85664e-14, 1.25202e-13, 3.05466e-13, 7.08594e-13, 1.56928e-12, 3.33017e-12, 6.794e-12, 1.33648e-11, 2.54177e-11, 4.68485e-11, 8.38665e-11, 1.4611e-10, 2.48175e-10, 4.1166e-10, 6.67855e-10, 1.06118e-09, 1.65355e-09, 2.52972e-09, 3.80387e-09, 5.62746e-09, 8.19848e-09
0, 0, 0, 0, 0, 0, 0, 0, 0, 0, 0, 0, 0, 0, 0, 0, 0, 0, 0, 0, 0, 0, 0, 0, 0, 0, 0, 0, 0, 0, 0, 0, 0, 0, 0, 0, 0, 0, 0, 0, 0, 0, 0, 0, 0, 0, 0, 0, 0, 0
