0.271751
0.299315
0.32517
0.347873
0.368063
0.386692
0.404511
0.42204
0.439624
0.457495
0.475811
0.49468
0.514185
0.534387
0.555337
0.577079
0.599654
0.6231
0.647456
0.672759
0.699048
0.726362
0.754742
0.784231
0.814871
0.846708
0.879788
0.914161
0.949877
0.986988
1.02555
1.06562
1.10725
1.15051
1.19546
1.24216
1.29069
1.34112
1.39352
1.44796
1.50453
1.56331
1.62439
1.68785
1.7538
1.82232
1.89351
1.96749
2.04436
2.12423
2.20722
2.29346
2.38306
2.47617
2.57291
2.67343
2.77788
2.88641
2.99918
3.11636
