0, 0, 0, 0, 0, 0, 0, 0, 0, 0, 0, 0, 0, 0, 0, 0, 0, 0, 0, 0, 0, 0, 0, 0, 0, 0, 0, 0, 0, 0, 0, 0, 0, 0, 0, 0, 0, 0, 0, 0, 0, 0, 0, 0, 0, 0, 0, 0, 0, 0, 0, 0, 0, 0, 0, 0, 0, 0, 0, 0
0.000123174, 0.0046962, 0.0132876, 0.0207397, 0.026154, 0.0300191, 0.0328858, 0.0351472, 0.0370571, 0.0387755, 0.0404027, 0.0420013, 0.0436112, 0.0452574, 0.0469563, 0.0487187, 0.050552, 0.0524615, 0.0544514, 0.0565251, 0.0586859, 0.0609369, 0.0632809, 0.0657212, 0.0682611, 0.0709038, 0.073653, 0.0765124, 0.0794859, 0.0825778, 0.0857923, 0.0891339, 0.0926076, 0.0962181, 0.0999707, 0.103871, 0.107924, 0.112136, 0.116514, 0.121063, 0.12579, 0.130702, 0.135806, 0.141111, 0.146622, 0.152349, 0.1583, 0.164484, 0.170909, 0.177586, 0.184523, 0.191732, 0.199223, 0.207006, 0.215093, 0.223496, 0.232228, 0.2413, 0.250728, 0.260523
0.000288205, 0.00971974, 0.0268908, 0.0416709, 0.0523932, 0.0600508, 0.0657371, 0.0702293, 0.0740291, 0.0774525, 0.0806971, 0.083887, 0.0871007, 0.0903879, 0.0937808, 0.0973008, 0.100962, 0.104776, 0.108751, 0.112893, 0.117209, 0.121705, 0.126387, 0.131261, 0.136334, 0.141612, 0.147103, 0.152814, 0.158753, 0.164929, 0.171349, 0.178023, 0.184961, 0.192172, 0.199667, 0.207457, 0.215552, 0.223965, 0.232708, 0.241794, 0.251235, 0.261046, 0.271241, 0.281834, 0.292842, 0.304281, 0.316167, 0.328517, 0.34135, 0.354685, 0.368541, 0.382939, 0.397899, 0.413444, 0.429596, 0.446379, 0.463819, 0.481939, 0.500768, 0.520332
0.000547028, 0.0154028, 0.041119, 0.062979, 0.0787986, 0.0901049, 0.0985177, 0.105181, 0.110831, 0.115932, 0.120775, 0.125542, 0.130347, 0.135265, 0.140342, 0.14561, 0.15109, 0.156799, 0.162748, 0.168947, 0.175407, 0.182136, 0.189143, 0.196438, 0.204031, 0.211931, 0.220149, 0.228696, 0.237584, 0.246826, 0.256435, 0.266424, 0.276807, 0.287599, 0.298816, 0.310473, 0.322589, 0.33518, 0.348264, 0.361861, 0.375991, 0.390674, 0.405931, 0.421785, 0.43826, 0.455378, 0.473166, 0.49165, 0.510856, 0.530812, 0.551549, 0.573096, 0.595485, 0.618749, 0.642922, 0.668039, 0.694138, 0.721257, 0.749436, 0.778715
0.000972945, 0.0220864, 0.0562691, 0.0848367, 0.105443, 0.120186, 0.131188, 0.139934, 0.147376, 0.154116, 0.160529, 0.166851, 0.17323, 0.179763, 0.186509, 0.193511, 0.200795, 0.208383, 0.216291, 0.224532, 0.233119, 0.242063, 0.251377, 0.261074, 0.271165, 0.281665, 0.292588, 0.303948, 0.315762, 0.328046, 0.340817, 0.354093, 0.367893, 0.382236, 0.397145, 0.412639, 0.428741, 0.445475, 0.462865, 0.480937, 0.499716, 0.519231, 0.539509, 0.56058, 0.582476, 0.605227, 0.628869, 0.653434, 0.67896, 0.705484, 0.733044, 0.761682, 0.791438, 0.822358, 0.854485, 0.887868, 0.922556, 0.958598, 0.996049, 1.03496
0.00167424, 0.0301225, 0.0726191, 0.107398, 0.132385, 0.150292, 0.163706, 0.174419, 0.183578, 0.191905, 0.199851, 0.207699, 0.21563, 0.223756, 0.232153, 0.240869, 0.249938, 0.259386, 0.269232, 0.279492, 0.290183, 0.30132, 0.312916, 0.324988, 0.337552, 0.350624, 0.364222, 0.378365, 0.393072, 0.408364, 0.424262, 0.440789, 0.457969, 0.475825, 0.494384, 0.513672, 0.533717, 0.554549, 0.576197, 0.598694, 0.622071, 0.646364, 0.671607, 0.697838, 0.725095, 0.753417, 0.782848, 0.813428, 0.845204, 0.878222, 0.912531, 0.94818, 0.985223, 1.02371, 1.06371, 1.10526, 1.14844, 1.19331, 1.23993, 1.28838
0.00281091, 0.0398739, 0.090421, 0.130794, 0.15967, 0.180408, 0.196021, 0.208564, 0.219348, 0.2292, 0.238634, 0.247974, 0.257427, 0.267122, 0.277145, 0.287551, 0.298381, 0.309664, 0.321423, 0.333676, 0.346444, 0.359742, 0.37359, 0.388006, 0.403008, 0.418617, 0.434854, 0.451741, 0.469302, 0.487561, 0.506543, 0.526276, 0.546788, 0.568108, 0.590267, 0.613296, 0.63723, 0.662102, 0.687949, 0.714809, 0.742721, 0.771725, 0.801865, 0.833183, 0.865726, 0.899542, 0.93468, 0.971192, 1.00913, 1.04855, 1.08952, 1.13208, 1.17631, 1.22226, 1.27001, 1.31963, 1.37118, 1.42475, 1.48042, 1.53826
0.00461497, 0.0517106, 0.109894, 0.155124, 0.18732, 0.210512, 0.228079, 0.242292, 0.254598, 0.265902, 0.276771, 0.287564, 0.298505, 0.309738, 0.321358, 0.333428, 0.34599, 0.359078, 0.372718, 0.386933, 0.401743, 0.417169, 0.433232, 0.449952, 0.467353, 0.485457, 0.504289, 0.523875, 0.544241, 0.565417, 0.587433, 0.610318, 0.634107, 0.658832, 0.68453, 0.711238, 0.738994, 0.767839, 0.797815, 0.828964, 0.861334, 0.894971, 0.929924, 0.966244, 1.00398, 1.0432, 1.08395, 1.12629, 1.17029, 1.21601, 1.26351, 1.31288, 1.36417, 1.41746, 1.47284, 1.53038, 1.59017, 1.65229, 1.71684, 1.78392
0.00741379, 0.0660025, 0.131218, 0.180457, 0.215339, 0.240565, 0.259815, 0.275524, 0.289235, 0.301911, 0.314158, 0.326357, 0.338748, 0.351485, 0.36467, 0.378369, 0.392631, 0.40749, 0.422977, 0.439115, 0.455929, 0.473442, 0.491677, 0.510657, 0.53041, 0.55096, 0.572336, 0.594568, 0.617685, 0.641721, 0.666709, 0.692685, 0.719685, 0.747748, 0.776916, 0.807229, 0.838732, 0.871471, 0.905492, 0.940847, 0.977586, 1.01576, 1.05543, 1.09666, 1.13949, 1.184, 1.23025, 1.27831, 1.32824, 1.38013, 1.43405, 1.49007, 1.54829, 1.60877, 1.67162, 1.73693, 1.80479, 1.8753, 1.94857, 2.02469
0.011655, 0.0831085, 0.154523, 0.206819, 0.243703, 0.270514, 0.291159, 0.308177, 0.323167, 0.337129, 0.35069, 0.364245, 0.378043, 0.392246, 0.406958, 0.42225, 0.438173, 0.454765, 0.472058, 0.490078, 0.508852, 0.528405, 0.548763, 0.569954, 0.592005, 0.614946, 0.638809, 0.663626, 0.689432, 0.716262, 0.744155, 0.773149, 0.803288, 0.834613, 0.86717, 0.901006, 0.936169, 0.972712, 1.01069, 1.05015, 1.09116, 1.13377, 1.17805, 1.22406, 1.27187, 1.32155, 1.37318, 1.42682, 1.48256, 1.54047, 1.60065, 1.66319, 1.72816, 1.79568, 1.86583, 1.93872, 2.01447, 2.09317, 2.17495, 2.25992
0.0179302, 0.103361, 0.179887, 0.2342, 0.272363, 0.300291, 0.32203, 0.340162, 0.3563, 0.371457, 0.386264, 0.40112, 0.416279, 0.431905, 0.448103, 0.464948, 0.482491, 0.500772, 0.519825, 0.53968, 0.560364, 0.581906, 0.604333, 0.627677, 0.651968, 0.677239, 0.703524, 0.73086, 0.759283, 0.788835, 0.819557, 0.851492, 0.884686, 0.919188, 0.955045, 0.992311, 1.03104, 1.07129, 1.11311, 1.15657, 1.20174, 1.24867, 1.29744, 1.34811, 1.40077, 1.45548, 1.51234, 1.57142, 1.63281, 1.69659, 1.76287, 1.83174, 1.9033, 1.97766, 2.05492, 2.1352, 2.21862, 2.3053, 2.39537, 2.48895
0.0269919, 0.127047, 0.207325, 0.262542, 0.301244, 0.329813, 0.352341, 0.371386, 0.38854, 0.404795, 0.420777, 0.436878, 0.453349, 0.470351, 0.487991, 0.506343, 0.52546, 0.545383, 0.566147, 0.587784, 0.610324, 0.633797, 0.658235, 0.68367, 0.710136, 0.737668, 0.766304, 0.796084, 0.827048, 0.859242, 0.892709, 0.927497, 0.963657, 1.00124, 1.0403, 1.08089, 1.12308, 1.16692, 1.21248, 1.25982, 1.30902, 1.36014, 1.41327, 1.46847, 1.52582, 1.58543, 1.64736, 1.71171, 1.77858, 1.84806, 1.92026, 1.99527, 2.07322, 2.15422, 2.23838, 2.32583, 2.4167, 2.51111, 2.60922, 2.71116
0.0397589, 0.154386, 0.236784, 0.291745, 0.330242, 0.35898, 0.381995, 0.401756, 0.419789, 0.437048, 0.454131, 0.471417, 0.489146, 0.507476, 0.52651, 0.54632, 0.566961, 0.588474, 0.610895, 0.634257, 0.658594, 0.683937, 0.710319, 0.737777, 0.766346, 0.796066, 0.826976, 0.859119, 0.892541, 0.927288, 0.96341, 1.00096, 1.03998, 1.08055, 1.1227, 1.16651, 1.21204, 1.25936, 1.30853, 1.35962, 1.41272, 1.46789, 1.52522, 1.58479, 1.6467, 1.71102, 1.77786, 1.84731, 1.91947, 1.99446, 2.07238, 2.15334, 2.23746, 2.32488, 2.4157, 2.51008, 2.60815, 2.71004, 2.81592, 2.92593
0.0573013, 0.185506, 0.268141, 0.321664, 0.359227, 0.387679, 0.410888, 0.43117, 0.449951, 0.468118, 0.486229, 0.504637, 0.52357, 0.543175, 0.563551, 0.584768, 0.606879, 0.629925, 0.653945, 0.678972, 0.705041, 0.732186, 0.760443, 0.78985, 0.820446, 0.852273, 0.885373, 0.919794, 0.955582, 0.992788, 1.03147, 1.07167, 1.11346, 1.15689, 1.20202, 1.24893, 1.29768, 1.34834, 1.40099, 1.45569, 1.51254, 1.57161, 1.633, 1.69678, 1.76306, 1.83193, 1.90349, 1.97785, 2.05511, 2.1354, 2.21882, 2.3055, 2.39557, 2.48916, 2.58641, 2.68745, 2.79245, 2.90154, 3.0149, 3.13269
0.080798, 0.220421, 0.301196, 0.352109, 0.388046, 0.41578, 0.438907, 0.459528, 0.478929, 0.49791, 0.516974, 0.536443, 0.556523, 0.577348, 0.599011, 0.621579, 0.645102, 0.669623, 0.695178, 0.721804, 0.749536, 0.778412, 0.808468, 0.839746, 0.872287, 0.906135, 0.941336, 0.97794, 1.016, 1.05556, 1.09669, 1.13944, 1.18387, 1.23005, 1.27805, 1.32793, 1.37976, 1.43363, 1.4896, 1.54777, 1.60822, 1.67103, 1.73629, 1.80411, 1.87458, 1.94781, 2.0239, 2.10296, 2.18511, 2.27048, 2.35918, 2.45134, 2.54711, 2.64662, 2.75002, 2.85746, 2.96909, 3.08509, 3.20562, 3.33086
0.11146, 0.259007, 0.335676, 0.382848, 0.416519, 0.443144, 0.465935, 0.486726, 0.506627, 0.526331, 0.546277, 0.566743, 0.58791, 0.609899, 0.632792, 0.656652, 0.681527, 0.707457, 0.734481, 0.762635, 0.791958, 0.822487, 0.854263, 0.887328, 0.921726, 0.957503, 0.994711, 1.0334, 1.07362, 1.11544, 1.1589, 1.20408, 1.25104, 1.29985, 1.35057, 1.40328, 1.45806, 1.51498, 1.57414, 1.63561, 1.69948, 1.76586, 1.83483, 1.9065, 1.98097, 2.05835, 2.13876, 2.22231, 2.30913, 2.39934, 2.49307, 2.59047, 2.69167, 2.79683, 2.90609, 3.01963, 3.1376, 3.26018, 3.38756, 3.5199
0.150418, 0.300982, 0.37123, 0.413612, 0.444448, 0.469618, 0.491851, 0.512658, 0.532949, 0.553293, 0.574048, 0.595448, 0.617643, 0.640736, 0.6648, 0.689889, 0.716051, 0.743323, 0.771745, 0.801355, 0.83219, 0.864292, 0.897702, 0.932465, 0.968627, 1.00624, 1.04535, 1.08602, 1.1283, 1.17225, 1.21794, 1.26542, 1.31478, 1.36607, 1.41938, 1.47478, 1.53236, 1.59218, 1.65435, 1.71896, 1.78609, 1.85585, 1.92834, 2.00366, 2.08193, 2.16325, 2.24776, 2.33557, 2.42681, 2.52162, 2.62013, 2.72249, 2.82885, 2.93937, 3.0542, 3.17353, 3.29751, 3.42634, 3.5602, 3.6993
0.198574, 0.345893, 0.40744, 0.444101, 0.471619, 0.495044, 0.516528, 0.53722, 0.557803, 0.578706, 0.600203, 0.622474, 0.645636, 0.669773, 0.694944, 0.721199, 0.748579, 0.777124, 0.80687, 0.837856, 0.870122, 0.903711, 0.938666, 0.975033, 1.01286, 1.05221, 1.09312, 1.13565, 1.17987, 1.22584, 1.27363, 1.32329, 1.37491, 1.42855, 1.48431, 1.54224, 1.60245, 1.66502, 1.73004, 1.7976, 1.8678, 1.94075, 2.01656, 2.09533, 2.17718, 2.26223, 2.3506, 2.44243, 2.53784, 2.63699, 2.74001, 2.84705, 2.95828, 3.07385, 3.19394, 3.31872, 3.44838, 3.58311, 3.72309, 3.86855
0.256429, 0.393113, 0.443824, 0.473984, 0.497804, 0.519256, 0.539841, 0.560307, 0.581096, 0.602488, 0.624663, 0.647743, 0.671811, 0.696928, 0.723143, 0.750495, 0.779024, 0.808765, 0.839757, 0.872038, 0.90565, 0.940636, 0.977042, 1.01492, 1.05431, 1.09528, 1.13788, 1.18217, 1.22821, 1.27607, 1.32582, 1.37753, 1.43127, 1.48712, 1.54516, 1.60547, 1.66815, 1.73329, 1.80097, 1.87131, 1.94439, 2.02034, 2.09925, 2.18125, 2.26646, 2.355, 2.44699, 2.54259, 2.64192, 2.74513, 2.85237, 2.96381, 3.0796, 3.19991, 3.32493, 3.45483, 3.5898, 3.73005, 3.87578, 4.0272
0.323905, 0.441842, 0.479847, 0.502912, 0.522766, 0.542088, 0.561662, 0.581818, 0.602743, 0.624559, 0.647351, 0.67118, 0.696093, 0.722127, 0.749317, 0.777697, 0.807301, 0.838162, 0.870318, 0.903809, 0.938678, 0.974968, 1.01273, 1.05201, 1.09286, 1.13534, 1.17952, 1.22544, 1.27318, 1.3228, 1.37438, 1.42798, 1.4837, 1.5416, 1.60177, 1.6643, 1.72928, 1.79681, 1.86697, 1.93989, 2.01565, 2.09438, 2.17619, 2.2612, 2.34953, 2.44131, 2.53668, 2.63578, 2.73875, 2.84574, 2.95692, 3.07244, 3.19247, 3.3172, 3.4468, 3.58146, 3.72138, 3.86677, 4.01784, 4.17481
0.40018, 0.491121, 0.514935, 0.530524, 0.546266, 0.563371, 0.581869, 0.601656, 0.62266, 0.644845, 0.668198, 0.692717, 0.718412, 0.745299, 0.773397, 0.802732, 0.833333, 0.865233, 0.89847, 0.933082, 0.969114, 1.00661, 1.04562, 1.0862, 1.1284, 1.17229, 1.21791, 1.26534, 1.31465, 1.3659, 1.41916, 1.47452, 1.53206, 1.59185, 1.65399, 1.71856, 1.78567, 1.8554, 1.92785, 2.00315, 2.08139, 2.16269, 2.24716, 2.33494, 2.42616, 2.52093, 2.61942, 2.72175, 2.82808, 2.93856, 3.05336, 3.17265, 3.2966, 3.42539, 3.55922, 3.69827, 3.84276, 3.99289, 4.14889, 4.31098
0.483579, 0.53986, 0.548487, 0.556455, 0.568067, 0.582943, 0.600341, 0.619726, 0.64077, 0.663278, 0.687139, 0.712292, 0.738708, 0.76638, 0.795315, 0.82553, 0.85705, 0.889907, 0.924136, 0.959778, 0.996877, 1.03548, 1.07564, 1.11741, 1.16084, 1.20601, 1.25296, 1.30177, 1.35251, 1.40524, 1.46005, 1.51702, 1.57622, 1.63774, 1.70168, 1.76812, 1.83716, 1.9089, 1.98345, 2.06092, 2.14142, 2.22506, 2.31198, 2.40229, 2.49614, 2.59365, 2.69497, 2.80025, 2.90965, 3.02332, 3.14144, 3.26417, 3.39169, 3.5242, 3.66189, 3.80495, 3.9536, 4.10807, 4.26857, 4.43533
0.571531, 0.586871, 0.579895, 0.580347, 0.587938, 0.600646, 0.616965, 0.635942, 0.657001, 0.679794, 0.704116, 0.729847, 0.756922, 0.785313, 0.815013, 0.846031, 0.878389, 0.912116, 0.947248, 0.983824, 1.02189, 1.0615, 1.1027, 1.14554, 1.19009, 1.23641, 1.28457, 1.33463, 1.38666, 1.44073, 1.49694, 1.55535, 1.61605, 1.67914, 1.74469, 1.81282, 1.88361, 1.95717, 2.03361, 2.11304, 2.19557, 2.28134, 2.37045, 2.46305, 2.55927, 2.65925, 2.76314, 2.87108, 2.98325, 3.0998, 3.2209, 3.34674, 3.47749, 3.61335, 3.75451, 3.9012, 4.05361, 4.21198, 4.37654, 4.54753
0.660633, 0.630918, 0.608563, 0.601855, 0.605661, 0.616334, 0.631637, 0.650225, 0.671288, 0.694337, 0.719076, 0.745332, 0.773005, 0.802047, 0.832438, 0.86418, 0.897293, 0.931801, 0.967742, 1.00516, 1.04409, 1.08459, 1.12672, 1.17053, 1.21607, 1.26343, 1.31265, 1.36382, 1.417, 1.47227, 1.52972, 1.58942, 1.65146, 1.71593, 1.78293, 1.85255, 1.9249, 2.00008, 2.07819, 2.15937, 2.24371, 2.33136, 2.42243, 2.51706, 2.61539, 2.71757, 2.82373, 2.93405, 3.04867, 3.16778, 3.29154, 3.42013, 3.55375, 3.69259, 3.83685, 3.98675, 4.14251, 4.30436, 4.47252, 4.64726
0.746824, 0.670763, 0.633922, 0.620657, 0.621035, 0.629873, 0.644263, 0.662505, 0.683576, 0.706857, 0.731975, 0.758703, 0.786914, 0.816537, 0.847544, 0.87993, 0.91371, 0.948911, 0.985566, 1.02372, 1.06341, 1.1047, 1.14764, 1.19229, 1.23871, 1.28697, 1.33713, 1.38927, 1.44346, 1.49977, 1.5583, 1.61913, 1.68233, 1.74802, 1.81628, 1.88721, 1.96091, 2.0375, 2.11708, 2.19977, 2.2857, 2.37499, 2.46777, 2.56417, 2.66434, 2.76843, 2.87659, 2.98897, 3.10574, 3.22707, 3.35315, 3.48415, 3.62027, 3.76171, 3.90868, 4.06138, 4.22006, 4.38493, 4.55625, 4.73425
0.825668, 0.705232, 0.655452, 0.636467, 0.633883, 0.641145, 0.654761, 0.672719, 0.693814, 0.717314, 0.742774, 0.769925, 0.79861, 0.828746, 0.860292, 0.893239, 0.9276, 0.963399, 1.00067, 1.03946, 1.07981, 1.12178, 1.16541, 1.21078, 1.25795, 1.30698, 1.35794, 1.4109, 1.46595, 1.52316, 1.58261, 1.64439, 1.7086, 1.77531, 1.84464, 1.91668, 1.99154, 2.06933, 2.15016, 2.23415, 2.32143, 2.41211, 2.50634, 2.60425, 2.70599, 2.81171, 2.92155, 3.03569, 3.15429, 3.27752, 3.40557, 3.53862, 3.67687, 3.82052, 3.96978, 4.12488, 4.28603, 4.45349, 4.62748, 4.80827
0.892717, 0.733261, 0.672702, 0.649037, 0.644052, 0.650051, 0.663063, 0.680819, 0.701965, 0.725674, 0.751443, 0.778966, 0.808065, 0.838642, 0.870649, 0.904075, 0.938927, 0.97523, 1.01302, 1.05234, 1.09324, 1.13576, 1.17998, 1.22595, 1.27373, 1.3234, 1.37502, 1.42867, 1.48443, 1.54237, 1.60258, 1.66515, 1.73017, 1.79774, 1.86795, 1.94091, 2.01672, 2.0955, 2.17735, 2.26241, 2.35079, 2.44262, 2.53804, 2.6372, 2.74022, 2.84728, 2.95851, 3.0741, 3.1942, 3.31899, 3.44866, 3.58339, 3.72339, 3.86886, 4.02001, 4.17707, 4.34026, 4.50983, 4.68603, 4.86911
0.943927, 0.753963, 0.685301, 0.658167, 0.651422, 0.656513, 0.669114, 0.686765, 0.707997, 0.731911, 0.757958, 0.785805, 0.815256, 0.846202, 0.878592, 0.912409, 0.947661, 0.984373, 1.02258, 1.06232, 1.10366, 1.14663, 1.19131, 1.23775, 1.28602, 1.33619, 1.38833, 1.44252, 1.49883, 1.55735, 1.61816, 1.68135, 1.74701, 1.81524, 1.88614, 1.95981, 2.03637, 2.11591, 2.19857, 2.28446, 2.3737, 2.46643, 2.56279, 2.66291, 2.76695, 2.87504, 2.98737, 3.10408, 3.22535, 3.35136, 3.48229, 3.61834, 3.75971, 3.90659, 4.05922, 4.21781, 4.3826, 4.55382, 4.73174, 4.9166
0.976057, 0.766664, 0.692973, 0.66371, 0.655903, 0.660475, 0.672878, 0.690532, 0.711891, 0.736009, 0.762304, 0.790425, 0.820165, 0.851409, 0.884101, 0.918223, 0.953783, 0.990805, 1.02933, 1.06939, 1.11105, 1.15435, 1.19937, 1.24616, 1.29478, 1.34532, 1.39783, 1.45241, 1.50912, 1.56805, 1.62929, 1.69293, 1.75905, 1.82776, 1.89916, 1.97335, 2.05043, 2.13053, 2.21377, 2.30025, 2.39011, 2.48349, 2.58051, 2.68133, 2.78608, 2.89493, 3.00803, 3.12555, 3.24766, 3.37454, 3.50638, 3.64337, 3.78572, 3.93362, 4.0873, 4.24699, 4.41292, 4.58533, 4.76447, 4.95062
0.987008, 0.770945, 0.69555, 0.665576, 0.657442, 0.661903, 0.674334, 0.692106, 0.713638, 0.737959, 0.764473, 0.79282, 0.822786, 0.854254, 0.887166, 0.921505, 0.957278, 0.994512, 1.03324, 1.07352, 1.11539, 1.1589, 1.20414, 1.25114, 1.29999, 1.35075, 1.4035, 1.45832, 1.51528, 1.57446, 1.63597, 1.69987, 1.76627, 1.83527, 1.90697, 1.98147, 2.05888, 2.13931, 2.22289, 2.30973, 2.39997, 2.49373, 2.59116, 2.69239, 2.79758, 2.90688, 3.02045, 3.13845, 3.26107, 3.38848, 3.52086, 3.65842, 3.80135, 3.94987, 4.10418, 4.26453, 4.43114, 4.60426, 4.78415, 4.97106
0.976057, 0.766664, 0.692975, 0.663737, 0.656025, 0.660791, 0.67348, 0.691487, 0.713238, 0.737763, 0.764467, 0.792988, 0.823116, 0.854732, 0.887782, 0.922249, 0.958142, 0.995487, 1.03432, 1.0747, 1.11666, 1.16028, 1.2056, 1.2527, 1.30163, 1.35249, 1.40533, 1.46023, 1.51728, 1.57656, 1.63815, 1.70215, 1.76866, 1.83776, 1.90955, 1.98416, 2.06168, 2.14223, 2.22592, 2.31289, 2.40325, 2.49714, 2.59471, 2.69608, 2.80141, 2.91086, 3.02459, 3.14276, 3.26554, 3.39312, 3.52569, 3.66344, 3.80656, 3.95528, 4.10981, 4.27038, 4.43722, 4.61058, 4.79071, 4.97788
0.943927, 0.753963, 0.685305, 0.658224, 0.651673, 0.657155, 0.67033, 0.688687, 0.710702, 0.73543, 0.762292, 0.790937, 0.82116, 0.85285, 0.885953, 0.920457, 0.956374, 0.993731, 1.03257, 1.07293, 1.11488, 1.15847, 1.20376, 1.25082, 1.29971, 1.35051, 1.40329, 1.45814, 1.51512, 1.57433, 1.63585, 1.69977, 1.76619, 1.8352, 1.90691, 1.98141, 2.05883, 2.13927, 2.22285, 2.3097, 2.39994, 2.49371, 2.59114, 2.69238, 2.79757, 2.90687, 3.02044, 3.13844, 3.26106, 3.38847, 3.52086, 3.65841, 3.80135, 3.94986, 4.10418, 4.26453, 4.43114, 4.60426, 4.78415, 4.97106
0.892717, 0.733262, 0.672709, 0.649129, 0.644443, 0.651037, 0.664916, 0.683733, 0.706051, 0.730978, 0.757965, 0.78668, 0.816931, 0.848617, 0.881689, 0.91614, 0.951984, 0.989251, 1.02798, 1.06823, 1.11005, 1.15349, 1.19862, 1.24551, 1.29423, 1.34484, 1.39742, 1.45205, 1.50881, 1.56779, 1.62906, 1.69273, 1.75888, 1.82761, 1.89903, 1.97323, 2.05034, 2.13045, 2.21369, 2.30019, 2.39006, 2.48344, 2.58047, 2.68129, 2.78605, 2.8949, 3.00801, 3.12553, 3.24764, 3.37453, 3.50637, 3.64336, 3.78571, 3.93361, 4.0873, 4.24699, 4.41291, 4.58532, 4.76447, 4.95061
0.825668, 0.705232, 0.655464, 0.6366, 0.634432, 0.642504, 0.657287, 0.676663, 0.699318, 0.724435, 0.751509, 0.780238, 0.810449, 0.842052, 0.875007, 0.909313, 0.944987, 0.982063, 1.02058, 1.0606, 1.10217, 1.14535, 1.1902, 1.23679, 1.28519, 1.33548, 1.38771, 1.44198, 1.49837, 1.55695, 1.61781, 1.68105, 1.74675, 1.81502, 1.88595, 1.95965, 2.03623, 2.11579, 2.19847, 2.28437, 2.37362, 2.46637, 2.56273, 2.66286, 2.7669, 2.87501, 2.98733, 3.10405, 3.22533, 3.35134, 3.48227, 3.61833, 3.75969, 3.90658, 4.05921, 4.2178, 4.38259, 4.55381, 4.73173, 4.9166
0.746824, 0.670764, 0.633939, 0.620842, 0.621767, 0.631643, 0.647509, 0.667527, 0.690544, 0.715834, 0.742954, 0.771639, 0.801739, 0.833179, 0.865931, 0.9, 0.935407, 0.972191, 1.01039, 1.05007, 1.09128, 1.13407, 1.17852, 1.22469, 1.27264, 1.32246, 1.37421, 1.42797, 1.48382, 1.54184, 1.60213, 1.66476, 1.72984, 1.79745, 1.8677, 1.94069, 2.01653, 2.09533, 2.17721, 2.26229, 2.35068, 2.44253, 2.53797, 2.63713, 2.74017, 2.84723, 2.95847, 3.07406, 3.19417, 3.31896, 3.44863, 3.58337, 3.72337, 3.86884, 4.02, 4.17706, 4.34025, 4.50983, 4.68602, 4.8691
0.660633, 0.630918, 0.608588, 0.602104, 0.606607, 0.618565, 0.635661, 0.656388, 0.679778, 0.70522, 0.73234, 0.760918, 0.790833, 0.82203, 0.854492, 0.88823, 0.923274, 0.959663, 0.997445, 1.03667, 1.0774, 1.1197, 1.16362, 1.20923, 1.25661, 1.30582, 1.35694, 1.41004, 1.46521, 1.52252, 1.58206, 1.64391, 1.70818, 1.77496, 1.84433, 1.91642, 1.99131, 2.06913, 2.14999, 2.234, 2.3213, 2.412, 2.50625, 2.60417, 2.70592, 2.81165, 2.9215, 3.03565, 3.15425, 3.27749, 3.40554, 3.5386, 3.67685, 3.8205, 3.96977, 4.12487, 4.28602, 4.45348, 4.62747, 4.80826
0.571531, 0.586872, 0.579932, 0.58068, 0.589139, 0.603397, 0.621838, 0.643318, 0.66708, 0.692641, 0.71971, 0.748116, 0.777772, 0.808642, 0.840726, 0.874042, 0.908625, 0.944519, 0.981773, 1.02044, 1.06058, 1.10226, 1.14553, 1.19047, 1.23714, 1.28561, 1.33596, 1.38825, 1.44258, 1.49902, 1.55765, 1.61856, 1.68185, 1.7476, 1.81591, 1.88689, 1.96064, 2.03726, 2.11688, 2.1996, 2.28555, 2.37486, 2.46766, 2.56408, 2.66426, 2.76836, 2.87652, 2.98891, 3.10569, 3.22703, 3.35311, 3.48412, 3.62025, 3.76169, 3.90866, 4.06137, 4.22004, 4.38492, 4.55623, 4.73424
0.483579, 0.539861, 0.54854, 0.556893, 0.569571, 0.586285, 0.606146, 0.628399, 0.652516, 0.678156, 0.705114, 0.733279, 0.762598, 0.79306, 0.824676, 0.857477, 0.891503, 0.926801, 0.963424, 1.00143, 1.04087, 1.08181, 1.12432, 1.16845, 1.21428, 1.26188, 1.31131, 1.36266, 1.416, 1.47141, 1.52897, 1.58878, 1.6509, 1.71545, 1.78252, 1.85219, 1.92459, 1.99981, 2.07796, 2.15917, 2.24354, 2.33121, 2.4223, 2.51695, 2.6153, 2.71748, 2.82366, 2.93398, 3.04862, 3.16773, 3.2915, 3.4201, 3.55372, 3.69256, 3.83683, 3.98674, 4.1425, 4.30434, 4.47251, 4.64725
0.40018, 0.491122, 0.515011, 0.531096, 0.548133, 0.567386, 0.5887, 0.611721, 0.63616, 0.661827, 0.688611, 0.716461, 0.745364, 0.775332, 0.806393, 0.838586, 0.871959, 0.906563, 0.942451, 0.979682, 1.01831, 1.05841, 1.10003, 1.14324, 1.1881, 1.2347, 1.28308, 1.33334, 1.38555, 1.43978, 1.49611, 1.55464, 1.61544, 1.67861, 1.74424, 1.81242, 1.88327, 1.95687, 2.03335, 2.11282, 2.19538, 2.28117, 2.37031, 2.46293, 2.55917, 2.65916, 2.76306, 2.87102, 2.98319, 3.09975, 3.22086, 3.3467, 3.47745, 3.61332, 3.75449, 3.90118, 4.0536, 4.21197, 4.37653, 4.54752
0.323905, 0.441844, 0.479954, 0.503654, 0.525063, 0.54687, 0.569626, 0.59338, 0.618091, 0.643722, 0.670262, 0.697721, 0.726126, 0.755514, 0.785931, 0.817425, 0.850051, 0.883862, 0.918915, 0.955269, 0.992982, 1.03212, 1.07273, 1.1149, 1.15868, 1.20414, 1.25134, 1.30037, 1.3513, 1.4042, 1.45915, 1.51624, 1.57555, 1.63716, 1.70118, 1.76768, 1.83678, 1.90858, 1.98317, 2.06068, 2.14121, 2.22488, 2.31182, 2.40216, 2.49602, 2.59355, 2.69488, 2.80018, 2.90959, 3.02327, 3.14139, 3.26413, 3.39166, 3.52417, 3.66186, 3.80493, 3.95358, 4.10805, 4.26855, 4.43532
0.256429, 0.393117, 0.443975, 0.474939, 0.500613, 0.524913, 0.549054, 0.57348, 0.598394, 0.623916, 0.650133, 0.67712, 0.704944, 0.733667, 0.763351, 0.794056, 0.82584, 0.858762, 0.892881, 0.928255, 0.964945, 1.00301, 1.04251, 1.08352, 1.12608, 1.17028, 1.21618, 1.26385, 1.31336, 1.36478, 1.4182, 1.47369, 1.53134, 1.59123, 1.65346, 1.7181, 1.78527, 1.85505, 1.92756, 2.00289, 2.08117, 2.16249, 2.247, 2.3348, 2.42603, 2.52083, 2.61932, 2.72167, 2.82801, 2.9385, 3.05331, 3.17261, 3.29656, 3.42536, 3.55919, 3.69825, 3.84274, 3.99287, 4.14887, 4.31097
0.198574, 0.345899, 0.40765, 0.445324, 0.475034, 0.501695, 0.527119, 0.552126, 0.577158, 0.602486, 0.628297, 0.654728, 0.681885, 0.709857, 0.738721, 0.768546, 0.799397, 0.831335, 0.864422, 0.898717, 0.93428, 0.971169, 1.00945, 1.04917, 1.09041, 1.13323, 1.17769, 1.22386, 1.27182, 1.32162, 1.37336, 1.42711, 1.48294, 1.54094, 1.6012, 1.66381, 1.72886, 1.79644, 1.86666, 1.93962, 2.01542, 2.09418, 2.17602, 2.26105, 2.3494, 2.4412, 2.53658, 2.6357, 2.73868, 2.84568, 2.95687, 3.07239, 3.19243, 3.31716, 3.44677, 3.58143, 3.72136, 3.86675, 4.01782, 4.1748
0.150418, 0.300991, 0.371521, 0.415168, 0.448576, 0.477395, 0.503958, 0.529428, 0.554474, 0.579514, 0.604829, 0.630616, 0.657021, 0.684155, 0.712111, 0.740968, 0.770795, 0.801658, 0.833619, 0.866737, 0.901072, 0.936682, 0.973627, 1.01197, 1.05176, 1.09308, 1.13598, 1.18053, 1.22679, 1.27485, 1.32476, 1.37661, 1.43048, 1.48643, 1.54457, 1.60496, 1.66771, 1.73291, 1.80065, 1.87102, 1.94415, 2.02013, 2.09907, 2.1811, 2.26632, 2.35488, 2.44689, 2.5425, 2.64184, 2.74506, 2.85232, 2.96376, 3.07955, 3.19987, 3.32489, 3.4548, 3.58978, 3.73003, 3.87576, 4.02719
0.11146, 0.259022, 0.336076, 0.384815, 0.421482, 0.452193, 0.479707, 0.505496, 0.530436, 0.555083, 0.579807, 0.604861, 0.630425, 0.656636, 0.683598, 0.7114, 0.740116, 0.769814, 0.800557, 0.832404, 0.865414, 0.899644, 0.935153, 0.972, 1.01024, 1.04994, 1.09116, 1.13397, 1.17842, 1.22458, 1.27254, 1.32235, 1.3741, 1.42785, 1.4837, 1.54172, 1.602, 1.66463, 1.7297, 1.79731, 1.86755, 1.94054, 2.01637, 2.09517, 2.17704, 2.2621, 2.35049, 2.44234, 2.53776, 2.63692, 2.73995, 2.847, 2.95823, 3.07381, 3.19391, 3.3187, 3.44836, 3.58308, 3.72308, 3.86853
0.080798, 0.220445, 0.301743, 0.354582, 0.393984, 0.426261, 0.454501, 0.480439, 0.505139, 0.529281, 0.553313, 0.57754, 0.602177, 0.627379, 0.653264, 0.679926, 0.707446, 0.735892, 0.765327, 0.795812, 0.827403, 0.860157, 0.894131, 0.92938, 0.965963, 1.00394, 1.04336, 1.0843, 1.12682, 1.17097, 1.21683, 1.26447, 1.31395, 1.36536, 1.41877, 1.47425, 1.5319, 1.59179, 1.65401, 1.71866, 1.78584, 1.85563, 1.92815, 2.0035, 2.08178, 2.16313, 2.24765, 2.33548, 2.42673, 2.52155, 2.62007, 2.72244, 2.82881, 2.93933, 3.05417, 3.1735, 3.29749, 3.42632, 3.56019, 3.69928
0.0573013, 0.185544, 0.268881, 0.324754, 0.366296, 0.399762, 0.428468, 0.454366, 0.478679, 0.502194, 0.52543, 0.548738, 0.57236, 0.596468, 0.621193, 0.646634, 0.672875, 0.699984, 0.728027, 0.757062, 0.787144, 0.81833, 0.850672, 0.884226, 0.919047, 0.95519, 0.992713, 1.03167, 1.07213, 1.11415, 1.15779, 1.20312, 1.25021, 1.29913, 1.34995, 1.40275, 1.4576, 1.51458, 1.57379, 1.63531, 1.69923, 1.76564, 1.83464, 1.90633, 1.98083, 2.05823, 2.13865, 2.22222, 2.30905, 2.39927, 2.49301, 2.59042, 2.69163, 2.79679, 2.90606, 3.0196, 3.13758, 3.26016, 3.38754, 3.51989
0.0397589, 0.154445, 0.237778, 0.295583, 0.338615, 0.37285, 0.401732, 0.427382, 0.451149, 0.47391, 0.496244, 0.518538, 0.541058, 0.563991, 0.587476, 0.611616, 0.636498, 0.662191, 0.688759, 0.71626, 0.744748, 0.774277, 0.804897, 0.836662, 0.869623, 0.903834, 0.939349, 0.976224, 1.01452, 1.05428, 1.09558, 1.13849, 1.18305, 1.22934, 1.27743, 1.3274, 1.3793, 1.43323, 1.48926, 1.54748, 1.60796, 1.67081, 1.7361, 1.80395, 1.87444, 1.94769, 2.02379, 2.10287, 2.18503, 2.27041, 2.35912, 2.45129, 2.54707, 2.64658, 2.74999, 2.85743, 2.96907, 3.08507, 3.2056, 3.33085
0.0269919, 0.127139, 0.208649, 0.267279, 0.311112, 0.345662, 0.374411, 0.399589, 0.422643, 0.444519, 0.465842, 0.487028, 0.508361, 0.530039, 0.552205, 0.574969, 0.598416, 0.622616, 0.647632, 0.67352, 0.700332, 0.728119, 0.756931, 0.786817, 0.817826, 0.85001, 0.883419, 0.918106, 0.954124, 0.991529, 1.03038, 1.07073, 1.11264, 1.15619, 1.20142, 1.24841, 1.29723, 1.34795, 1.40065, 1.4554, 1.51229, 1.5714, 1.63281, 1.69662, 1.76292, 1.8318, 1.90338, 1.97776, 2.05503, 2.13533, 2.21876, 2.30545, 2.39553, 2.48912, 2.58637, 2.68742, 2.79242, 2.90152, 3.01489, 3.13268
0.0179302, 0.103502, 0.181639, 0.240012, 0.283936, 0.318325, 0.34661, 0.371082, 0.393251, 0.414109, 0.434312, 0.454296, 0.474358, 0.494703, 0.515478, 0.536793, 0.558732, 0.581367, 0.604757, 0.628956, 0.654015, 0.679983, 0.706904, 0.734828, 0.763799, 0.793866, 0.825076, 0.857478, 0.891124, 0.926064, 0.962352, 1.00004, 1.03919, 1.07986, 1.12211, 1.16601, 1.21161, 1.25898, 1.3082, 1.35934, 1.41247, 1.46768, 1.52504, 1.58464, 1.64656, 1.7109, 1.77776, 1.84722, 1.9194, 1.9944, 2.07232, 2.15329, 2.23742, 2.32484, 2.41567, 2.51005, 2.60812, 2.71002, 2.8159, 2.92592
0.0116552, 0.0833223, 0.156822, 0.213908, 0.257206, 0.290944, 0.318427, 0.341954, 0.363061, 0.382767, 0.401742, 0.420434, 0.439145, 0.458082, 0.477395, 0.497191, 0.517556, 0.538556, 0.560251, 0.582692, 0.605926, 0.629999, 0.654955, 0.680837, 0.707689, 0.735554, 0.764479, 0.794507, 0.825687, 0.858066, 0.891693, 0.92662, 0.9629, 1.00059, 1.03974, 1.08041, 1.12266, 1.16656, 1.21217, 1.25955, 1.30879, 1.35994, 1.41309, 1.46831, 1.52569, 1.58531, 1.64726, 1.71163, 1.77851, 1.848, 1.9202, 1.99523, 2.07318, 2.15418, 2.23835, 2.3258, 2.41667, 2.51109, 2.6092, 2.71114
0.00741408, 0.0663229, 0.134211, 0.18905, 0.231015, 0.263609, 0.289949, 0.312288, 0.332159, 0.350578, 0.36822, 0.385532, 0.402814, 0.420275, 0.438058, 0.456272, 0.474998, 0.494301, 0.514236, 0.534853, 0.556195, 0.578305, 0.601224, 0.624992, 0.649649, 0.675236, 0.701794, 0.729365, 0.757993, 0.78772, 0.818594, 0.850661, 0.883968, 0.918567, 0.95451, 0.991849, 1.03064, 1.07094, 1.11281, 1.15632, 1.20151, 1.24848, 1.29727, 1.34797, 1.40064, 1.45538, 1.51225, 1.57134, 1.63274, 1.69653, 1.76282, 1.8317, 1.90326, 1.97763, 2.05489, 2.13518, 2.2186, 2.30528, 2.39535, 2.48894
0.0046156, 0.0521853, 0.11376, 0.165477, 0.205427, 0.236392, 0.261249, 0.282163, 0.300625, 0.317629, 0.333836, 0.349683, 0.365465, 0.381381, 0.397574, 0.414146, 0.431174, 0.44872, 0.466837, 0.485568, 0.504957, 0.525041, 0.545858, 0.567445, 0.589838, 0.613075, 0.637193, 0.66223, 0.688226, 0.715221, 0.743255, 0.772373, 0.802617, 0.834034, 0.866669, 0.900574, 0.935796, 0.97239, 1.01041, 1.04991, 1.09095, 1.13359, 1.17789, 1.22393, 1.27176, 1.32145, 1.37309, 1.42674, 1.48249, 1.54042, 1.60061, 1.66314, 1.72813, 1.79565, 1.8658, 1.9387, 2.01445, 2.09315, 2.17493, 2.25991
0.00281226, 0.0405694, 0.0953754, 0.143189, 0.180478, 0.209345, 0.232392, 0.25165, 0.268537, 0.284003, 0.298678, 0.312982, 0.327194, 0.341506, 0.35605, 0.370924, 0.386201, 0.401937, 0.418181, 0.434973, 0.452352, 0.470352, 0.489008, 0.508353, 0.528419, 0.549241, 0.570852, 0.593286, 0.616578, 0.640765, 0.665883, 0.691971, 0.719069, 0.747216, 0.776456, 0.806832, 0.838389, 0.871174, 0.905237, 0.940626, 0.977395, 1.0156, 1.05529, 1.09653, 1.13938, 1.18391, 1.23017, 1.27824, 1.32819, 1.38008, 1.43401, 1.49004, 1.54825, 1.60874, 1.6716, 1.73691, 1.80477, 1.87528, 1.94855, 2.02468
0.00167709, 0.0311298, 0.0789172, 0.122147, 0.156175, 0.182503, 0.203428, 0.220813, 0.235969, 0.24978, 0.262834, 0.275521, 0.288102, 0.300753, 0.313597, 0.326724, 0.340201, 0.354078, 0.3684, 0.383203, 0.398522, 0.414387, 0.430829, 0.447877, 0.465561, 0.483909, 0.502952, 0.52272, 0.543244, 0.564556, 0.586689, 0.609676, 0.633552, 0.658353, 0.684116, 0.71088, 0.738685, 0.767572, 0.797584, 0.828766, 0.861162, 0.894822, 0.929795, 0.966133, 1.00389, 1.04312, 1.08388, 1.12623, 1.17024, 1.21596, 1.26347, 1.31284, 1.36414, 1.41743, 1.47281, 1.53036, 1.59015, 1.65228, 1.71683, 1.78391
0.00097882, 0.0235285, 0.0642114, 0.102276, 0.132501, 0.155883, 0.174401, 0.189709, 0.20299, 0.21504, 0.226392, 0.237396, 0.248289, 0.259229, 0.270327, 0.281663, 0.293296, 0.305272, 0.317629, 0.3304, 0.343614, 0.357299, 0.37148, 0.386183, 0.401434, 0.417257, 0.43368, 0.450727, 0.468426, 0.486804, 0.50589, 0.525712, 0.546301, 0.567687, 0.589903, 0.612982, 0.636958, 0.661868, 0.687747, 0.714634, 0.74257, 0.771595, 0.801752, 0.833086, 0.865642, 0.89947, 0.934618, 0.971138, 1.00908, 1.04851, 1.08948, 1.13205, 1.17628, 1.22224, 1.26999, 1.31961, 1.37117, 1.42474, 1.48041, 1.53825
0.000558884, 0.0174438, 0.0510538, 0.0834703, 0.109415, 0.129488, 0.145338, 0.15839, 0.169667, 0.179862, 0.189438, 0.198701, 0.207856, 0.217042, 0.226353, 0.23586, 0.245612, 0.25565, 0.266005, 0.276705, 0.287776, 0.299241, 0.311121, 0.323438, 0.336213, 0.349467, 0.363223, 0.377502, 0.392327, 0.407721, 0.423707, 0.440309, 0.457554, 0.475467, 0.494074, 0.513405, 0.533487, 0.55435, 0.576025, 0.598545, 0.621943, 0.646253, 0.671511, 0.697755, 0.725023, 0.753356, 0.782794, 0.813382, 0.845164, 0.878188, 0.912501, 0.948154, 0.9852, 1.02369, 1.06369, 1.10525, 1.14843, 1.1933, 1.23992, 1.28837
0.000311633, 0.0125749, 0.039217, 0.0655958, 0.0868518, 0.103302, 0.116263, 0.126901, 0.136062, 0.14432, 0.152059, 0.159531, 0.166907, 0.174301, 0.181792, 0.189436, 0.197276, 0.205344, 0.213666, 0.222265, 0.231161, 0.240372, 0.249917, 0.259812, 0.270076, 0.280724, 0.291775, 0.303247, 0.315156, 0.327522, 0.340365, 0.353702, 0.367555, 0.381945, 0.396893, 0.412421, 0.428553, 0.445313, 0.462725, 0.480816, 0.499612, 0.51914, 0.539431, 0.560513, 0.582418, 0.605177, 0.628825, 0.653397, 0.678928, 0.705456, 0.73302, 0.761661, 0.79142, 0.822342, 0.854472, 0.887857, 0.922546, 0.95859, 0.996042, 1.03496
0.000168491, 0.00864378, 0.028456, 0.0484948, 0.0647312, 0.0773011, 0.0871881, 0.0952835, 0.102237, 0.108491, 0.11434, 0.119981, 0.125543, 0.131115, 0.136758, 0.142514, 0.148417, 0.15449, 0.160753, 0.167225, 0.173919, 0.180851, 0.188034, 0.19548, 0.203203, 0.211216, 0.219531, 0.228163, 0.237124, 0.246429, 0.256091, 0.266127, 0.27655, 0.287378, 0.298625, 0.310308, 0.322446, 0.335057, 0.348158, 0.36177, 0.375912, 0.390605, 0.405872, 0.421734, 0.438216, 0.45534, 0.473133, 0.491621, 0.510831, 0.530791, 0.55153, 0.57308, 0.595471, 0.618737, 0.642912, 0.668031, 0.694131, 0.721251, 0.74943, 0.77871
8.5794e-05, 0.00539419, 0.0185122, 0.0319908, 0.0429561, 0.0514477, 0.0581191, 0.0635723, 0.0682477, 0.0724461, 0.0763678, 0.0801457, 0.0838685, 0.087596, 0.0913694, 0.0952181, 0.0991636, 0.103223, 0.107409, 0.111734, 0.116208, 0.120841, 0.12564, 0.130616, 0.135777, 0.141131, 0.146688, 0.152456, 0.158443, 0.164661, 0.171118, 0.177824, 0.184789, 0.192023, 0.199539, 0.207346, 0.215456, 0.223882, 0.232637, 0.241732, 0.251181, 0.261, 0.271201, 0.2818, 0.292813, 0.304255, 0.316144, 0.328498, 0.341334, 0.354671, 0.368529, 0.382928, 0.39789, 0.413436, 0.429589, 0.446374, 0.463814, 0.481935, 0.500764, 0.520329
3.57873e-05, 0.00258796, 0.00911801, 0.0158927, 0.0214178, 0.0256974, 0.0290573, 0.0318009, 0.0341507, 0.0362586, 0.0382261, 0.0401204, 0.0419862, 0.0438537, 0.045744, 0.0476716, 0.0496476, 0.0516804, 0.0537768, 0.0559425, 0.0581827, 0.0605023, 0.0629056, 0.0653971, 0.0679811, 0.070662, 0.0734441, 0.076332, 0.0793301, 0.0824432, 0.0856761, 0.0890336, 0.0925209, 0.0961432, 0.099906, 0.103815, 0.107876, 0.112095, 0.116478, 0.121032, 0.125763, 0.130679, 0.135786, 0.141093, 0.146607, 0.152336, 0.158289, 0.164474, 0.170901, 0.177579, 0.184517, 0.191727, 0.199218, 0.207002, 0.215089, 0.223493, 0.232225, 0.241298, 0.250726, 0.260521
0, 0, 0, 0, 0, 0, 0, 0, 0, 0, 0, 0, 0, 0, 0, 0, 0, 0, 0, 0, 0, 0, 0, 0, 0, 0, 0, 0, 0, 0, 0, 0, 0, 0, 0, 0, 0, 0, 0, 0, 0, 0, 0, 0, 0, 0, 0, 0, 0, 0, 0, 0, 0, 0, 0, 0, 0, 0, 0, 0
