0.000196453, 0.0147129, 0.0621967, 0.129218, 0.203499, 0.28012, 0.357876, 0.437038, 0.518414, 0.603002, 0.691858, 0.786066, 0.886734, 0.995009, 1.11209, 1.23924, 1.37781, 1.52924, 1.69511, 1.87711, 2.07709, 2.29707, 2.53928, 2.80615, 3.10034, 3.42481, 3.7828, 4.17788, 4.614, 5.0955, 5.62718, 6.21435, 6.86286, 7.57917, 8.37042, 9.2445, 10.2101, 11.2769, 12.4555, 13.7577, 15.1964, 16.7861, 18.5425, 20.4832, 22.6276, 24.997, 27.6152, 30.5082, 33.705, 37.2374, 41.1408, 45.4541, 50.2205, 55.4875, 61.3078, 67.7394, 74.8468, 82.7008, 91.3801, 100.971
0.000196453, 0.0147129, 0.0621967, 0.129218, 0.203499, 0.28012, 0.357876, 0.437038, 0.518414, 0.603002, 0.691858, 0.786066, 0.886734, 0.995009, 1.11209, 1.23924, 1.37781, 1.52924, 1.69511, 1.87711, 2.07709, 2.29707, 2.53928, 2.80615, 3.10034, 3.42481, 3.7828, 4.17788, 4.614, 5.0955, 5.62718, 6.21435, 6.86286, 7.57917, 8.37042, 9.2445, 10.2101, 11.2769, 12.4555, 13.7577, 15.1964, 16.7861, 18.5425, 20.4832, 22.6276, 24.997, 27.6152, 30.5082, 33.705, 37.2374, 41.1408, 45.4541, 50.2205, 55.4875, 61.3078, 67.7394, 74.8468, 82.7008, 91.3801, 100.971
0.000274441, 0.01611, 0.0646734, 0.131933, 0.20605, 0.282382, 0.359833, 0.438711, 0.519838, 0.604209, 0.692878, 0.786923, 0.887452, 0.995606, 1.11258, 1.23964, 1.37813, 1.5295, 1.6953, 1.87725, 2.07718, 2.29712, 2.53929, 2.80612, 3.10029, 3.42473, 3.7827, 4.17776, 4.61385, 5.09533, 5.627, 6.21415, 6.86264, 7.57893, 8.37017, 9.24423, 10.2098, 11.2766, 12.4552, 13.7574, 15.1961, 16.7857, 18.5421, 20.4828, 22.6271, 24.9966, 27.6147, 30.5077, 33.7045, 37.2369, 41.1403, 45.4536, 50.2199, 55.4869, 61.3071, 67.7388, 74.8461, 82.7001, 91.3793, 100.97
0.000453848, 0.0189686, 0.0696425, 0.137347, 0.21113, 0.286881, 0.363723, 0.442039, 0.522668, 0.606608, 0.694904, 0.788628, 0.888879, 0.996792, 1.11356, 1.24044, 1.37877, 1.53, 1.69568, 1.87752, 2.07736, 2.29722, 2.53931, 2.80608, 3.10018, 3.42457, 3.78249, 4.1775, 4.61355, 5.09499, 5.62662, 6.21374, 6.86219, 7.57845, 8.36966, 9.24369, 10.2093, 11.276, 12.4546, 13.7567, 15.1954, 16.785, 18.5413, 20.482, 22.6263, 24.9957, 27.6138, 30.5068, 33.7035, 37.2359, 41.1392, 45.4525, 50.2188, 55.4857, 61.3059, 67.7375, 74.8448, 82.6987, 91.3779, 100.969
0.000785988, 0.0234158, 0.0771329, 0.145434, 0.21869, 0.293569, 0.369502, 0.44698, 0.526871, 0.610169, 0.697911, 0.791158, 0.890996, 0.998553, 1.11501, 1.24162, 1.37971, 1.53074, 1.69624, 1.87792, 2.07762, 2.29736, 2.53934, 2.80601, 3.10002, 3.42433, 3.78217, 4.17712, 4.61311, 5.09449, 5.62606, 6.21312, 6.86153, 7.57774, 8.36889, 9.24288, 10.2084, 11.2751, 12.4536, 13.7557, 15.1944, 16.7839, 18.5402, 20.4808, 22.6251, 24.9944, 27.6125, 30.5054, 33.702, 37.2344, 41.1376, 45.4508, 50.2171, 55.4839, 61.3041, 67.7356, 74.8428, 82.6967, 91.3757, 100.967
0.00135913, 0.029637, 0.0871832, 0.156149, 0.228662, 0.302372, 0.377103, 0.453477, 0.532395, 0.614849, 0.701863, 0.794481, 0.893776, 1.00086, 1.11691, 1.24317, 1.38095, 1.53171, 1.69697, 1.87844, 2.07796, 2.29753, 2.53937, 2.8059, 3.0998, 3.424, 3.78175, 4.1766, 4.61251, 5.09381, 5.62531, 6.2123, 6.86064, 7.57679, 8.36788, 9.2418, 10.2073, 11.2739, 12.4524, 13.7544, 15.193, 16.7824, 18.5387, 20.4792, 22.6234, 24.9927, 27.6107, 30.5035, 33.7001, 37.2323, 41.1355, 45.4487, 50.2148, 55.4816, 61.3016, 67.733, 74.8401, 82.6939, 91.3729, 100.964
0.00231243, 0.0378697, 0.0998354, 0.16943, 0.240949, 0.313194, 0.386437, 0.461451, 0.539173, 0.62059, 0.706709, 0.798555, 0.897184, 1.00369, 1.11924, 1.24506, 1.38247, 1.53289, 1.69786, 1.87908, 2.07836, 2.29773, 2.53939, 2.80577, 3.09952, 3.42359, 3.78121, 4.17596, 4.61176, 5.09296, 5.62437, 6.21128, 6.85953, 7.5756, 8.36661, 9.24046, 10.2059, 11.2724, 12.4508, 13.7527, 15.1912, 16.7806, 18.5368, 20.4773, 22.6214, 24.9905, 27.6084, 30.5012, 33.6977, 37.2298, 41.1329, 45.4459, 50.212, 55.4786, 61.2985, 67.7298, 74.8368, 82.6905, 91.3693, 100.96
0.00385474, 0.0483937, 0.115128, 0.185194, 0.255434, 0.325916, 0.397396, 0.470807, 0.547122, 0.627321, 0.712389, 0.803329, 0.901174, 1.00701, 1.12196, 1.24727, 1.38423, 1.53426, 1.69889, 1.8798, 2.07882, 2.29796, 2.5394, 2.80559, 3.09917, 3.42308, 3.78056, 4.17518, 4.61086, 5.09195, 5.62325, 6.21005, 6.85821, 7.57418, 8.3651, 9.23885, 10.2042, 11.2706, 12.4489, 13.7508, 15.1892, 16.7785, 18.5345, 20.4749, 22.6189, 24.988, 27.6058, 30.4984, 33.6948, 37.2268, 41.1298, 45.4427, 50.2086, 55.4751, 61.2949, 67.726, 74.8329, 82.6864, 91.365, 100.956
0.00628787, 0.0615188, 0.133086, 0.203336, 0.271975, 0.340395, 0.40985, 0.481433, 0.556147, 0.634961, 0.718833, 0.808742, 0.905695, 1.01075, 1.12504, 1.24977, 1.38622, 1.5358, 1.70004, 1.88061, 2.07932, 2.29818, 2.53939, 2.80536, 3.09874, 3.42248, 3.7798, 4.17426, 4.6098, 5.09076, 5.62194, 6.20862, 6.85666, 7.57252, 8.36334, 9.23698, 10.2022, 11.2686, 12.4467, 13.7485, 15.1868, 16.776, 18.5319, 20.4722, 22.6161, 24.985, 27.6027, 30.4952, 33.6914, 37.2233, 41.1262, 45.4389, 50.2047, 55.471, 61.2907, 67.7216, 74.8283, 82.6816, 91.3601, 100.95
0.0100328, 0.0775685, 0.153714, 0.223725, 0.290405, 0.35647, 0.423655, 0.493201, 0.566138, 0.643414, 0.72596, 0.814724, 0.910689, 1.01489, 1.12844, 1.25251, 1.3884, 1.53748, 1.70129, 1.88147, 2.07985, 2.29841, 2.53935, 2.80507, 3.09824, 3.42178, 3.77891, 4.1732, 4.60859, 5.0894, 5.62044, 6.20699, 6.85491, 7.57064, 8.36133, 9.23486, 10.1999, 11.2662, 12.4443, 13.7459, 15.1841, 16.7731, 18.529, 20.4691, 22.6128, 24.9817, 27.5992, 30.4915, 33.6876, 37.2194, 41.1221, 45.4346, 50.2002, 55.4664, 61.2858, 67.7166, 74.8231, 82.6762, 91.3545, 100.945
0.0156558, 0.0968605, 0.176983, 0.246201, 0.310535, 0.373958, 0.438646, 0.50597, 0.576971, 0.652576, 0.733681, 0.821201, 0.91609, 1.01936, 1.1321, 1.25546, 1.39073, 1.53928, 1.70261, 1.88238, 2.08038, 2.29861, 2.53926, 2.80472, 3.09765, 3.42097, 3.7779, 4.17201, 4.60722, 5.08787, 5.61876, 6.20516, 6.85294, 7.56853, 8.35909, 9.23249, 10.1974, 11.2636, 12.4415, 13.743, 15.181, 16.77, 18.5256, 20.4656, 22.6092, 24.9779, 27.5953, 30.4875, 33.6834, 37.215, 41.1175, 45.4299, 50.1953, 55.4613, 61.2805, 67.7111, 74.8173, 82.6702, 91.3482, 100.938
0.0238906, 0.119684, 0.202824, 0.270574, 0.332152, 0.392658, 0.454647, 0.519585, 0.588515, 0.662333, 0.741898, 0.828089, 0.921827, 1.0241, 1.13597, 1.25858, 1.39319, 1.54116, 1.70398, 1.8833, 2.08091, 2.29879, 2.53911, 2.80429, 3.09696, 3.42004, 3.77676, 4.17067, 4.6057, 5.08617, 5.61689, 6.20314, 6.85076, 7.5662, 8.35661, 9.22987, 10.1947, 11.2606, 12.4384, 13.7398, 15.1777, 16.7665, 18.522, 20.4618, 22.6053, 24.9738, 27.591, 30.483, 33.6787, 37.2101, 41.1124, 45.4246, 50.1898, 55.4556, 61.2746, 67.7049, 74.8109, 82.6636, 91.3413, 100.931
0.0356486, 0.146271, 0.231113, 0.296621, 0.355021, 0.412356, 0.471466, 0.533881, 0.600629, 0.672566, 0.750509, 0.835299, 0.927825, 1.02905, 1.14, 1.26182, 1.39573, 1.54309, 1.70537, 1.88422, 2.0814, 2.29891, 2.5389, 2.80377, 3.09617, 3.419, 3.77549, 4.16918, 4.60401, 5.0843, 5.61484, 6.20091, 6.84837, 7.56366, 8.35391, 9.227, 10.1917, 11.2575, 12.4351, 13.7363, 15.174, 16.7626, 18.518, 20.4577, 22.6009, 24.9693, 27.5863, 30.4781, 33.6736, 37.2048, 41.1069, 45.4189, 50.1839, 55.4494, 61.2681, 67.6982, 74.804, 82.6563, 91.3338, 100.923
0.0520105, 0.176774, 0.261672, 0.324086, 0.378889, 0.432819, 0.488902, 0.548686, 0.613164, 0.683146, 0.759404, 0.842738, 0.934005, 1.03413, 1.14414, 1.26512, 1.39831, 1.54503, 1.70675, 1.8851, 2.08185, 2.29896, 2.5386, 2.80315, 3.09526, 3.41783, 3.77408, 4.16755, 4.60217, 5.08226, 5.61261, 6.1985, 6.84578, 7.56089, 8.35098, 9.2239, 10.1884, 11.254, 12.4315, 13.7325, 15.1701, 16.7585, 18.5137, 20.4532, 22.5963, 24.9644, 27.5812, 30.4728, 33.6682, 37.1991, 41.101, 45.4127, 50.1774, 55.4427, 61.2612, 67.691, 74.7965, 82.6485, 91.3257, 100.915
0.07419, 0.211233, 0.294253, 0.35268, 0.403481, 0.453806, 0.506746, 0.563819, 0.625966, 0.693942, 0.76847, 0.850311, 0.940284, 1.03929, 1.14831, 1.26844, 1.40088, 1.54695, 1.7081, 1.88593, 2.08222, 2.29893, 2.5382, 2.80243, 3.09424, 3.41653, 3.77253, 4.16576, 4.60016, 5.08004, 5.61019, 6.1959, 6.84299, 7.55792, 8.34782, 9.22058, 10.1849, 11.2504, 12.4276, 13.7285, 15.1659, 16.7541, 18.5091, 20.4484, 22.5913, 24.9592, 27.5758, 30.4672, 33.6623, 37.193, 41.0946, 45.4061, 50.1706, 55.4356, 61.2538, 67.6833, 74.7884, 82.6402, 91.317, 100.906
0.103462, 0.249549, 0.328542, 0.382083, 0.428509, 0.475066, 0.52478, 0.579094, 0.638875, 0.704818, 0.777593, 0.857918, 0.946577, 1.04444, 1.15247, 1.27173, 1.40341, 1.54881, 1.70936, 1.88668, 2.0825, 2.29879, 2.53769, 2.80158, 3.09308, 3.4151, 3.77083, 4.16383, 4.59799, 5.07766, 5.6076, 6.1931, 6.84, 7.55475, 8.34446, 9.21703, 10.1811, 11.2464, 12.4235, 13.7242, 15.1614, 16.7494, 18.5042, 20.4433, 22.5859, 24.9536, 27.57, 30.4612, 33.656, 37.1865, 41.0879, 45.3991, 50.1633, 55.428, 61.2459, 67.6751, 74.7799, 82.6313, 91.3078, 100.896
0.141048, 0.291463, 0.364153, 0.411943, 0.453672, 0.49634, 0.542786, 0.594325, 0.651734, 0.715638, 0.786656, 0.86546, 0.952801, 1.04952, 1.15655, 1.27494, 1.40585, 1.55057, 1.71053, 1.88731, 2.08267, 2.29854, 2.53706, 2.80061, 3.09179, 3.41352, 3.76899, 4.16173, 4.59566, 5.0751, 5.60483, 6.19013, 6.83683, 7.55137, 8.34089, 9.21326, 10.1772, 11.2423, 12.4192, 13.7196, 15.1566, 16.7445, 18.499, 20.4379, 22.5803, 24.9478, 27.5639, 30.4548, 33.6494, 37.1796, 41.0807, 45.3917, 50.1555, 55.42, 61.2375, 67.6664, 74.7709, 82.622, 91.2981, 100.886
0.187968, 0.33654, 0.400633, 0.441887, 0.478657, 0.517367, 0.560542, 0.609323, 0.664381, 0.726265, 0.795541, 0.872838, 0.958869, 1.05445, 1.16048, 1.278, 1.40815, 1.55219, 1.71156, 1.88782, 2.0827, 2.29815, 2.53629, 2.79949, 3.09036, 3.41179, 3.76699, 4.15948, 4.59317, 5.07238, 5.60189, 6.18698, 6.83347, 7.54781, 8.33713, 9.20929, 10.173, 11.2379, 12.4146, 13.7148, 15.1516, 16.7392, 18.4936, 20.4322, 22.5744, 24.9416, 27.5575, 30.4482, 33.6425, 37.1724, 41.0732, 45.3839, 50.1474, 55.4115, 61.2288, 67.6573, 74.7614, 82.6121, 91.2879, 100.875
0.244855, 0.384156, 0.437467, 0.471517, 0.503148, 0.537887, 0.57783, 0.623904, 0.676658, 0.736565, 0.804135, 0.879952, 0.964698, 1.05916, 1.16421, 1.28087, 1.41027, 1.55365, 1.71243, 1.88816, 2.08258, 2.2976, 2.53536, 2.79822, 3.08877, 3.40991, 3.76483, 4.15707, 4.59052, 5.0695, 5.59878, 6.18365, 6.82993, 7.54406, 8.33317, 9.20513, 10.1686, 11.2333, 12.4098, 13.7098, 15.1464, 16.7338, 18.4879, 20.4263, 22.5682, 24.9352, 27.5508, 30.4412, 33.6353, 37.1649, 41.0654, 45.3757, 50.139, 55.4027, 61.2196, 67.6478, 74.7516, 82.6019, 91.2772, 100.864
0.311761, 0.433503, 0.474083, 0.500424, 0.526829, 0.557641, 0.594434, 0.637885, 0.688411, 0.746406, 0.812323, 0.886708, 0.970207, 1.06358, 1.16768, 1.28351, 1.41216, 1.5549, 1.7131, 1.88832, 2.08228, 2.29689, 2.53428, 2.79679, 3.08703, 3.40787, 3.76252, 4.1545, 4.5877, 5.06645, 5.59551, 6.18015, 6.82621, 7.54013, 8.32903, 9.20078, 10.1641, 11.2285, 12.4048, 13.7046, 15.1409, 16.7281, 18.482, 20.4201, 22.5618, 24.9285, 27.5438, 30.4339, 33.6277, 37.1571, 41.0572, 45.3672, 50.1301, 55.3936, 61.2101, 67.6379, 74.7413, 82.5912, 91.2661, 100.853
0.387974, 0.4836, 0.509872, 0.528191, 0.549386, 0.57638, 0.610148, 0.651092, 0.699492, 0.755661, 0.819999, 0.893011, 0.975315, 1.06764, 1.17083, 1.28585, 1.4138, 1.55591, 1.71355, 1.88827, 2.08179, 2.29599, 2.53301, 2.79519, 3.08511, 3.40567, 3.76005, 4.15177, 4.58473, 5.06324, 5.59208, 6.1765, 6.82234, 7.53604, 8.32472, 9.19625, 10.1593, 11.2236, 12.3996, 13.6992, 15.1352, 16.7222, 18.4758, 20.4137, 22.5551, 24.9215, 27.5366, 30.4264, 33.6199, 37.1489, 41.0488, 45.3584, 50.121, 55.3841, 61.2002, 67.6277, 74.7306, 82.5801, 91.2546, 100.841
0.471882, 0.53332, 0.544194, 0.554402, 0.570514, 0.593863, 0.624772, 0.663358, 0.709759, 0.764209, 0.827058, 0.898776, 0.979949, 1.07128, 1.17361, 1.28786, 1.41514, 1.55665, 1.71376, 1.888, 2.08108, 2.2949, 2.53156, 2.79341, 3.08303, 3.40331, 3.75742, 4.14889, 4.58161, 5.05988, 5.58849, 6.17268, 6.8183, 7.53178, 8.32024, 9.19155, 10.1544, 11.2184, 12.3942, 13.6936, 15.1294, 16.7161, 18.4694, 20.407, 22.5482, 24.9144, 27.5291, 30.4187, 33.6118, 37.1405, 41.0401, 45.3494, 50.1116, 55.3743, 61.19, 67.6171, 74.7196, 82.5686, 91.2427, 100.828
0.560917, 0.581425, 0.576404, 0.578653, 0.589923, 0.609862, 0.638122, 0.674528, 0.71908, 0.771939, 0.833406, 0.903919, 0.984039, 1.07445, 1.17596, 1.2895, 1.41614, 1.55708, 1.71369, 1.88748, 2.08015, 2.29359, 2.52991, 2.79145, 3.08078, 3.40078, 3.75463, 4.14585, 4.57833, 5.05637, 5.58475, 6.16872, 6.81412, 7.52738, 8.31562, 9.1867, 10.1493, 11.2131, 12.3887, 13.6878, 15.1234, 16.7098, 18.4629, 20.4002, 22.5411, 24.907, 27.5215, 30.4107, 33.6035, 37.1319, 41.0311, 45.34, 50.1019, 55.3642, 61.1796, 67.6062, 74.7083, 82.5569, 91.2305, 100.816
0.651605, 0.626617, 0.605865, 0.600556, 0.607342, 0.624169, 0.650027, 0.684458, 0.727334, 0.778746, 0.838954, 0.908366, 0.98752, 1.07708, 1.17784, 1.29072, 1.41677, 1.55719, 1.71332, 1.88669, 2.07897, 2.29207, 2.52806, 2.7893, 3.07835, 3.39808, 3.75168, 4.14266, 4.5749, 5.05272, 5.58087, 6.16462, 6.8098, 7.52283, 8.31085, 9.18171, 10.1441, 11.2077, 12.383, 13.6818, 15.1172, 16.7033, 18.4562, 20.3932, 22.5339, 24.8994, 27.5136, 30.4025, 33.595, 37.1231, 41.0219, 45.3305, 50.0919, 55.3539, 61.1688, 67.595, 74.6967, 82.5448, 91.2179, 100.803
0.739738, 0.667594, 0.631972, 0.619757, 0.622524, 0.636595, 0.660332, 0.69302, 0.734412, 0.784537, 0.843622, 0.912048, 0.990335, 1.07913, 1.17922, 1.29149, 1.41701, 1.55694, 1.71265, 1.88562, 2.07755, 2.29031, 2.52601, 2.78695, 3.07574, 3.39522, 3.74858, 4.13932, 4.57133, 5.04893, 5.57686, 6.16039, 6.80534, 7.51816, 8.30595, 9.17658, 10.1388, 11.2021, 12.3772, 13.6758, 15.1108, 16.6967, 18.4493, 20.3861, 22.5264, 24.8917, 27.5056, 30.3941, 33.5863, 37.114, 41.0125, 45.3207, 50.0818, 55.3433, 61.1579, 67.5836, 74.6849, 82.5325, 91.2052, 100.789
0.82067, 0.703109, 0.654169, 0.635933, 0.635251, 0.646972, 0.668903, 0.700101, 0.740217, 0.78923, 0.84734, 0.914907, 0.992434, 1.08056, 1.18004, 1.29179, 1.41682, 1.55633, 1.71164, 1.88426, 2.07586, 2.28833, 2.52374, 2.78442, 3.07295, 3.39219, 3.74532, 4.13583, 4.56763, 5.045, 5.57272, 6.15603, 6.80077, 7.51337, 8.30094, 9.17134, 10.1333, 11.1964, 12.3712, 13.6695, 15.1044, 16.69, 18.4423, 20.3788, 22.5189, 24.8838, 27.4974, 30.3856, 33.5775, 37.1048, 41.0029, 45.3108, 50.0715, 55.3326, 61.1467, 67.572, 74.6728, 82.52, 91.1922, 100.776
0.88971, 0.732034, 0.671973, 0.648812, 0.645338, 0.65516, 0.675627, 0.705605, 0.744668, 0.792757, 0.850049, 0.916891, 0.993774, 1.08132, 1.18029, 1.29158, 1.4162, 1.55533, 1.7103, 1.8826, 2.07391, 2.2861, 2.52125, 2.78169, 3.06999, 3.38901, 3.74191, 4.13221, 4.56379, 5.04096, 5.56846, 6.15157, 6.79609, 7.50847, 8.29582, 9.166, 10.1277, 11.1905, 12.3651, 13.6632, 15.0978, 16.6832, 18.4352, 20.3714, 22.5112, 24.8758, 27.4891, 30.377, 33.5685, 37.0955, 40.9932, 45.3007, 50.061, 55.3217, 61.1354, 67.5603, 74.6606, 82.5073, 91.179, 100.762
0.942563, 0.753422, 0.684987, 0.658171, 0.652635, 0.661048, 0.68041, 0.709455, 0.747699, 0.795061, 0.851702, 0.917962, 0.994322, 1.0814, 1.17995, 1.29085, 1.41512, 1.55393, 1.7086, 1.88063, 2.07168, 2.28363, 2.51855, 2.77877, 3.06685, 3.38566, 3.73836, 4.12846, 4.55984, 5.0368, 5.5641, 6.147, 6.79131, 7.50348, 8.29061, 9.16056, 10.122, 11.1846, 12.359, 13.6568, 15.0912, 16.6763, 18.428, 20.3639, 22.5034, 24.8677, 27.4806, 30.3682, 33.5594, 37.086, 40.9834, 45.2905, 50.0504, 55.3107, 61.1239, 67.5484, 74.6482, 82.4945, 91.1656, 100.748
0.975774, 0.766554, 0.692916, 0.663848, 0.657033, 0.66455, 0.683186, 0.711594, 0.749262, 0.7961, 0.852263, 0.918087, 0.994051, 1.08077, 1.17899, 1.28958, 1.41357, 1.55212, 1.70655, 1.87835, 2.06918, 2.28092, 2.51564, 2.77566, 3.06355, 3.38217, 3.73467, 4.12458, 4.55577, 5.03254, 5.55964, 6.14234, 6.78645, 7.4984, 8.28532, 9.15505, 10.1163, 11.1787, 12.3528, 13.6504, 15.0844, 16.6693, 18.4207, 20.3564, 22.4955, 24.8596, 27.4722, 30.3594, 33.5502, 37.0765, 40.9735, 45.2802, 50.0397, 55.2995, 61.1124, 67.5364, 74.6357, 82.4815, 91.1521, 100.734
0.987103, 0.770982, 0.695579, 0.665742, 0.658465, 0.665616, 0.683909, 0.711983, 0.749324, 0.795845, 0.851708, 0.917248, 0.992946, 1.07941, 1.1774, 1.28777, 1.41155, 1.5499, 1.70414, 1.87576, 2.06641, 2.27797, 2.51252, 2.77236, 3.06008, 3.37853, 3.73086, 4.12059, 4.5516, 5.02818, 5.5551, 6.1376, 6.78151, 7.49326, 8.27997, 9.14949, 10.1105, 11.1726, 12.3465, 13.6439, 15.0777, 16.6622, 18.4134, 20.3488, 22.4876, 24.8513, 27.4636, 30.3505, 33.541, 37.0669, 40.9635, 45.2698, 50.0289, 55.2884, 61.1008, 67.5243, 74.6232, 82.4685, 91.1386, 100.72
0.975774, 0.766554, 0.692914, 0.663819, 0.656906, 0.664223, 0.682563, 0.710606, 0.74787, 0.794285, 0.850026, 0.915436, 0.990999, 1.07733, 1.17518, 1.28542, 1.40906, 1.54728, 1.70138, 1.87286, 2.06337, 2.27479, 2.50919, 2.7689, 3.05646, 3.37475, 3.72693, 4.11649, 4.54733, 5.02374, 5.55048, 6.1328, 6.77652, 7.48807, 8.27457, 9.14387, 10.1047, 11.1666, 12.3402, 13.6373, 15.0708, 16.6551, 18.4061, 20.3411, 22.4797, 24.8431, 27.455, 30.3416, 33.5317, 37.0573, 40.9535, 45.2594, 50.0181, 55.2771, 61.0891, 67.5122, 74.6106, 82.4554, 91.125, 100.706
0.942563, 0.753422, 0.684982, 0.658112, 0.652375, 0.660383, 0.679152, 0.707467, 0.744901, 0.791421, 0.84722, 0.912653, 0.988215, 1.07453, 1.17234, 1.28252, 1.40611, 1.54425, 1.69827, 1.86966, 2.06007, 2.27139, 2.50568, 2.76526, 3.0527, 3.37085, 3.72289, 4.11231, 4.54299, 5.01924, 5.5458, 6.12794, 6.77148, 7.48284, 8.26913, 9.13823, 10.0988, 11.1605, 12.3339, 13.6307, 15.064, 16.6481, 18.3987, 20.3335, 22.4717, 24.8348, 27.4465, 30.3327, 33.5225, 37.0477, 40.9435, 45.2491, 50.0073, 55.2659, 61.0775, 67.5001, 74.598, 82.4423, 91.1114, 100.692
0.88971, 0.732034, 0.671966, 0.648717, 0.644932, 0.654138, 0.673708, 0.702589, 0.740439, 0.78727, 0.843303, 0.908913, 0.984604, 1.07101, 1.16888, 1.2791, 1.4027, 1.54083, 1.69482, 1.86617, 2.05653, 2.26777, 2.50198, 2.76146, 3.0488, 3.36684, 3.71875, 4.10804, 4.53858, 5.01467, 5.54108, 6.12305, 6.76641, 7.47758, 8.26368, 9.13257, 10.0929, 11.1544, 12.3276, 13.6242, 15.0572, 16.641, 18.3914, 20.3258, 22.4638, 24.8266, 27.4379, 30.3238, 33.5132, 37.0381, 40.9335, 45.2387, 49.9965, 55.2547, 61.0658, 67.488, 74.5855, 82.4293, 91.0978, 100.678
0.82067, 0.703109, 0.654157, 0.635794, 0.63468, 0.645562, 0.666286, 0.696017, 0.734519, 0.781862, 0.838303, 0.904239, 0.980189, 1.0668, 1.16482, 1.27516, 1.39884, 1.53703, 1.69105, 1.8624, 2.05274, 2.26395, 2.49811, 2.75753, 3.04478, 3.36273, 3.71453, 4.1037, 4.53411, 5.01007, 5.53632, 6.11814, 6.76132, 7.47232, 8.25823, 9.12692, 10.0871, 11.1483, 12.3213, 13.6176, 15.0504, 16.6339, 18.384, 20.3182, 22.4559, 24.8184, 27.4294, 30.315, 33.504, 37.0285, 40.9236, 45.2284, 49.9858, 55.2436, 61.0543, 67.476, 74.573, 82.4163, 91.0844, 100.664
0.739738, 0.667594, 0.631954, 0.619563, 0.621762, 0.634755, 0.656966, 0.687816, 0.727196, 0.775245, 0.83226, 0.898666, 0.975001, 1.06192, 1.1602, 1.27074, 1.39457, 1.53287, 1.68698, 1.85837, 2.04874, 2.25995, 2.49409, 2.75346, 3.04066, 3.35853, 3.71025, 4.09931, 4.52961, 5.00544, 5.53155, 6.11321, 6.75624, 7.46706, 8.25279, 9.12129, 10.0813, 11.1423, 12.315, 13.6111, 15.0437, 16.6269, 18.3768, 20.3107, 22.448, 24.8102, 27.4209, 30.3062, 33.4949, 37.019, 40.9138, 45.2182, 49.9752, 55.2326, 61.0428, 67.4641, 74.5606, 82.4034, 91.071, 100.65
0.651605, 0.626617, 0.605839, 0.600294, 0.606354, 0.621848, 0.645849, 0.678068, 0.718539, 0.767477, 0.825226, 0.892239, 0.969078, 1.05641, 1.15504, 1.26585, 1.38991, 1.52838, 1.68262, 1.85411, 2.04454, 2.25578, 2.48992, 2.74929, 3.03645, 3.35426, 3.70591, 4.09488, 4.52508, 5.00079, 5.52678, 6.1083, 6.75117, 7.46183, 8.24738, 9.1157, 10.0755, 11.1363, 12.3088, 13.6047, 15.037, 16.62, 18.3696, 20.3032, 22.4403, 24.8022, 27.4126, 30.2975, 33.4859, 37.0097, 40.904, 45.208, 49.9647, 55.2216, 61.0315, 67.4523, 74.5484, 82.3907, 91.0578, 100.636
0.560917, 0.581424, 0.576365, 0.578302, 0.588666, 0.606995, 0.633057, 0.666873, 0.708632, 0.758631, 0.817263, 0.885014, 0.962471, 1.05032, 1.14937, 1.26054, 1.38488, 1.52359, 1.678, 1.84963, 2.04016, 2.25147, 2.48564, 2.74501, 3.03216, 3.34994, 3.70153, 4.09043, 4.52054, 4.99615, 5.52201, 6.1034, 6.74613, 7.45664, 8.24202, 9.11016, 10.0697, 11.1304, 12.3026, 13.5983, 15.0304, 16.6131, 18.3625, 20.2958, 22.4326, 24.7942, 27.4043, 30.2889, 33.477, 37.0004, 40.8945, 45.1981, 49.9544, 55.2109, 61.0203, 67.4407, 74.5363, 82.3782, 91.0448, 100.623
0.471882, 0.533319, 0.544138, 0.553939, 0.568936, 0.590375, 0.618731, 0.65435, 0.697576, 0.748793, 0.808445, 0.877055, 0.955233, 1.04369, 1.14325, 1.25484, 1.37952, 1.51851, 1.67315, 1.84496, 2.03562, 2.24702, 2.48126, 2.74067, 3.02782, 3.34558, 3.69713, 4.08598, 4.51601, 4.99152, 5.51728, 6.09855, 6.74114, 7.4515, 8.23673, 9.10469, 10.0641, 11.1245, 12.2966, 13.592, 15.0239, 16.6064, 18.3555, 20.2886, 22.4251, 24.7864, 27.3962, 30.2805, 33.4683, 36.9913, 40.885, 45.1883, 49.9442, 55.2003, 61.0093, 67.4293, 74.5245, 82.3659, 91.032, 100.61
0.387974, 0.483599, 0.50979, 0.527584, 0.547424, 0.572182, 0.60303, 0.640629, 0.685482, 0.738058, 0.798855, 0.868433, 0.94743, 1.03658, 1.13671, 1.24879, 1.37388, 1.5132, 1.66811, 1.84013, 2.03096, 2.24248, 2.47681, 2.73627, 3.02345, 3.34121, 3.69273, 4.08153, 4.5115, 4.98693, 5.5126, 6.09375, 6.73622, 7.44643, 8.23151, 9.09931, 10.0585, 11.1188, 12.2906, 13.5859, 15.0175, 16.5998, 18.3486, 20.2815, 22.4177, 24.7788, 27.3882, 30.2723, 33.4597, 36.9824, 40.8758, 45.1787, 49.9342, 55.19, 60.9985, 67.4181, 74.5128, 82.3538, 91.0195, 100.596
0.311761, 0.433501, 0.473967, 0.499635, 0.524409, 0.552633, 0.586126, 0.625855, 0.672473, 0.726533, 0.788587, 0.859231, 0.939132, 1.02905, 1.12983, 1.24244, 1.36799, 1.50768, 1.6629, 1.83516, 2.02619, 2.23787, 2.4723, 2.73184, 3.01906, 3.33684, 3.68835, 4.07712, 4.50703, 4.9824, 5.50797, 6.08903, 6.73138, 7.44146, 8.22639, 9.09403, 10.0531, 11.1131, 12.2848, 13.5799, 15.0113, 16.5933, 18.3419, 20.2745, 22.4105, 24.7713, 27.3805, 30.2642, 33.4513, 36.9738, 40.8668, 45.1693, 49.9245, 55.1799, 60.988, 67.4072, 74.5015, 82.342, 91.0072, 100.584
0.244855, 0.384153, 0.437303, 0.470498, 0.500182, 0.531952, 0.568207, 0.610186, 0.658683, 0.714333, 0.777739, 0.849534, 0.930415, 1.02116, 1.12264, 1.23585, 1.3619, 1.502, 1.65756, 1.8301, 2.02135, 2.2332, 2.46777, 2.7274, 3.01468, 3.33249, 3.68401, 4.07275, 4.50263, 4.97793, 5.50343, 6.08439, 6.72663, 7.43659, 8.22138, 9.08888, 10.0478, 11.1076, 12.2791, 13.574, 15.0052, 16.587, 18.3354, 20.2678, 22.4035, 24.764, 27.3729, 30.2564, 33.4432, 36.9653, 40.858, 45.1602, 49.915, 55.17, 60.9778, 67.3966, 74.4905, 82.3306, 90.9953, 100.571
0.187968, 0.336534, 0.400404, 0.440578, 0.475043, 0.510379, 0.549467, 0.593787, 0.644256, 0.701583, 0.76642, 0.839437, 0.92136, 1.01299, 1.11523, 1.22908, 1.35565, 1.49621, 1.65213, 1.82498, 2.01647, 2.22852, 2.46323, 2.72297, 3.01033, 3.32818, 3.67972, 4.06846, 4.4983, 4.97355, 5.49898, 6.07986, 6.722, 7.43184, 8.21651, 9.08386, 10.0426, 11.1023, 12.2736, 13.5683, 14.9993, 16.5809, 18.3291, 20.2612, 22.3967, 24.757, 27.3656, 30.2488, 33.4353, 36.9571, 40.8495, 45.1514, 49.9058, 55.1605, 60.9679, 67.3863, 74.4798, 82.3195, 90.9838, 100.559
0.141048, 0.291453, 0.363834, 0.410274, 0.449295, 0.488155, 0.530111, 0.576831, 0.629341, 0.688412, 0.754742, 0.829038, 0.912054, 1.00462, 1.10765, 1.22217, 1.34931, 1.49034, 1.64666, 1.81983, 2.01159, 2.22384, 2.45872, 2.71858, 3.00603, 3.32394, 3.6755, 4.06424, 4.49407, 4.96928, 5.49465, 6.07545, 6.7175, 7.42723, 8.21178, 9.079, 10.0376, 11.0971, 12.2683, 13.5628, 14.9936, 16.575, 18.323, 20.2549, 22.3901, 24.7502, 27.3585, 30.2414, 33.4277, 36.9492, 40.8413, 45.1428, 49.897, 55.1513, 60.9584, 67.3764, 74.4695, 82.3088, 90.9727, 100.548
0.103462, 0.249531, 0.328102, 0.379966, 0.423236, 0.465529, 0.510347, 0.5595, 0.614092, 0.674954, 0.742822, 0.818438, 0.902585, 0.996115, 1.09997, 1.21518, 1.34292, 1.48444, 1.64118, 1.81469, 2.00673, 2.21921, 2.45427, 2.71426, 3.00181, 3.31978, 3.67138, 4.06014, 4.48995, 4.96513, 5.49045, 6.07118, 6.71314, 7.42278, 8.20721, 9.07431, 10.0328, 11.0922, 12.2632, 13.5575, 14.9881, 16.5693, 18.3171, 20.2488, 22.3838, 24.7436, 27.3517, 30.2344, 33.4203, 36.9416, 40.8334, 45.1346, 49.8885, 55.1424, 60.9492, 67.3668, 74.4596, 82.2985, 90.962, 100.537
0.07419, 0.211205, 0.29365, 0.350014, 0.397161, 0.442747, 0.490387, 0.541974, 0.59867, 0.661347, 0.730781, 0.807743, 0.893045, 0.987564, 1.09226, 1.20819, 1.33653, 1.47857, 1.63573, 1.8096, 2.00193, 2.21464, 2.44989, 2.71003, 2.99768, 3.31573, 3.66738, 4.05615, 4.48596, 4.96111, 5.48639, 6.06706, 6.70895, 7.4185, 8.20283, 9.0698, 10.0281, 11.0874, 12.2582, 13.5524, 14.9828, 16.5639, 18.3114, 20.2429, 22.3778, 24.7373, 27.3452, 30.2276, 33.4133, 36.9343, 40.8258, 45.1268, 49.8803, 55.134, 60.9404, 67.3577, 74.4501, 82.2886, 90.9517, 100.526
0.0520105, 0.17673, 0.260854, 0.320748, 0.371354, 0.420053, 0.470444, 0.524439, 0.583233, 0.647731, 0.71874, 0.797059, 0.883527, 0.979045, 1.0846, 1.20125, 1.33021, 1.47276, 1.63036, 1.80459, 1.99722, 2.21018, 2.44562, 2.70592, 2.99368, 3.31181, 3.66351, 4.05231, 4.48212, 4.95726, 5.4825, 6.06311, 6.70493, 7.4144, 8.19863, 9.0655, 10.0237, 11.0828, 12.2535, 13.5475, 14.9778, 16.5587, 18.3061, 20.2374, 22.372, 24.7313, 27.339, 30.2212, 33.4067, 36.9274, 40.8186, 45.1193, 49.8725, 55.1259, 60.932, 67.349, 74.4411, 82.2792, 90.942, 100.516
0.0356486, 0.146202, 0.230012, 0.292467, 0.346084, 0.397688, 0.450726, 0.507078, 0.567944, 0.634247, 0.706821, 0.786493, 0.874124, 0.97064, 1.07704, 1.19443, 1.324, 1.46708, 1.62512, 1.79971, 1.99264, 2.20585, 2.44149, 2.70194, 2.98982, 3.30804, 3.6598, 4.04863, 4.47845, 4.95357, 5.47878, 6.05935, 6.70111, 7.4105, 8.19464, 9.06141, 10.0195, 11.0785, 12.2491, 13.5429, 14.9731, 16.5538, 18.301, 20.2321, 22.3665, 24.7257, 27.3331, 30.2151, 33.4003, 36.9208, 40.8118, 45.1122, 49.8652, 55.1183, 60.9241, 67.3407, 74.4325, 82.2703, 90.9327, 100.506
0.0238906, 0.119576, 0.201352, 0.265438, 0.321606, 0.375881, 0.43144, 0.490074, 0.552961, 0.621034, 0.695147, 0.77615, 0.864929, 0.962431, 1.06968, 1.18778, 1.31797, 1.46156, 1.62003, 1.795, 1.98823, 2.20168, 2.43752, 2.69813, 2.98613, 3.30444, 3.65626, 4.04512, 4.47496, 4.95008, 5.47526, 6.05579, 6.69749, 7.40681, 8.19088, 9.05755, 10.0155, 11.0744, 12.2449, 13.5386, 14.9686, 16.5492, 18.2962, 20.2271, 22.3614, 24.7203, 27.3276, 30.2093, 33.3944, 36.9146, 40.8054, 45.1056, 49.8583, 55.1111, 60.9166, 67.333, 74.4245, 82.262, 90.9241, 100.497
0.0156557, 0.0966953, 0.175033, 0.23989, 0.298155, 0.354853, 0.412786, 0.473602, 0.538439, 0.608228, 0.683837, 0.766136, 0.856033, 0.954496, 1.06257, 1.18138, 1.31216, 1.45626, 1.61516, 1.79048, 1.984, 2.1977, 2.43374, 2.6945, 2.98263, 3.30103, 3.65291, 4.04182, 4.47167, 4.94679, 5.47195, 6.05245, 6.6941, 7.40336, 8.18735, 9.05393, 10.0118, 11.0706, 12.2409, 13.5345, 14.9644, 16.5448, 18.2917, 20.2225, 22.3566, 24.7154, 27.3224, 30.204, 33.3888, 36.9089, 40.7994, 45.0993, 49.8518, 55.1044, 60.9097, 67.3258, 74.4169, 82.2542, 90.9159, 100.489
0.0100326, 0.0773174, 0.151151, 0.216019, 0.275948, 0.334813, 0.394953, 0.457834, 0.524531, 0.595963, 0.673007, 0.756552, 0.847525, 0.946914, 1.05578, 1.17527, 1.30662, 1.45121, 1.61053, 1.78619, 1.98001, 2.19394, 2.43017, 2.69109, 2.97934, 3.29783, 3.64977, 4.03872, 4.46859, 4.94371, 5.46886, 6.04933, 6.69094, 7.40014, 8.18406, 9.05057, 10.0084, 11.0671, 12.2373, 13.5308, 14.9605, 16.5408, 18.2875, 20.2182, 22.3521, 24.7107, 27.3176, 30.199, 33.3837, 36.9035, 40.7938, 45.0936, 49.8458, 55.0982, 60.9032, 67.319, 74.41, 82.2469, 90.9084, 100.481
0.00628747, 0.0611417, 0.129744, 0.193985, 0.255179, 0.315956, 0.378124, 0.442933, 0.51138, 0.584364, 0.662768, 0.747495, 0.839489, 0.939757, 1.04938, 1.16951, 1.30142, 1.44647, 1.60618, 1.78218, 1.97627, 2.19043, 2.42685, 2.68791, 2.97628, 3.29486, 3.64686, 4.03585, 4.46575, 4.94087, 5.46601, 6.04645, 6.68802, 7.39718, 8.18104, 9.04748, 10.0052, 11.0638, 12.2339, 13.5273, 14.9569, 16.5371, 18.2837, 20.2142, 22.348, 24.7065, 27.3132, 30.1944, 33.3789, 36.8986, 40.7887, 45.0883, 49.8403, 55.0925, 60.8973, 67.3129, 74.4036, 82.2403, 90.9015, 100.474
0.00385386, 0.0478338, 0.110805, 0.17392, 0.236023, 0.298461, 0.362466, 0.429052, 0.499122, 0.573553, 0.653225, 0.739056, 0.832006, 0.933098, 1.04342, 1.16416, 1.29658, 1.44208, 1.60215, 1.77846, 1.97281, 2.18719, 2.42378, 2.68499, 2.97347, 3.29213, 3.6442, 4.03323, 4.46314, 4.93828, 5.46341, 6.04383, 6.68536, 7.39448, 8.17828, 9.04466, 10.0023, 11.0608, 12.2309, 13.5242, 14.9537, 16.5338, 18.2802, 20.2106, 22.3443, 24.7026, 27.3092, 30.1903, 33.3746, 36.8941, 40.7841, 45.0835, 49.8353, 55.0873, 60.8919, 67.3073, 74.3977, 82.2342, 90.8952, 100.467
0.00231054, 0.0370481, 0.0942905, 0.155924, 0.218635, 0.282492, 0.348137, 0.416333, 0.487886, 0.56364, 0.644477, 0.731323, 0.825151, 0.927, 1.03798, 1.15927, 1.29217, 1.43807, 1.59848, 1.77508, 1.96967, 2.18425, 2.421, 2.68234, 2.97092, 3.28966, 3.64179, 4.03086, 4.4608, 4.93594, 5.46106, 6.04146, 6.68297, 7.39205, 8.17581, 9.04213, 9.99972, 11.0582, 12.2281, 13.5213, 14.9508, 16.5307, 18.2771, 20.2074, 22.341, 24.6992, 27.3057, 30.1866, 33.3707, 36.8901, 40.7799, 45.0792, 49.8308, 55.0826, 60.887, 67.3023, 74.3925, 82.2288, 90.8896, 100.462
0.00135514, 0.0284456, 0.0801297, 0.140073, 0.203146, 0.268195, 0.335278, 0.404906, 0.477785, 0.554729, 0.636614, 0.724373, 0.818994, 0.921525, 1.03309, 1.15489, 1.28821, 1.43448, 1.5952, 1.77206, 1.96686, 2.18162, 2.41852, 2.67998, 2.96865, 3.28747, 3.63965, 4.02876, 4.45872, 4.93387, 5.45899, 6.03937, 6.68086, 7.3899, 8.17362, 9.0399, 9.99743, 11.0558, 12.2257, 13.5189, 14.9482, 16.5281, 18.2744, 20.2046, 22.338, 24.6961, 27.3025, 30.1833, 33.3673, 36.8866, 40.7763, 45.0753, 49.8269, 55.0785, 60.8828, 67.2978, 74.3879, 82.224, 90.8846, 100.456
0.000777749, 0.0217086, 0.0682347, 0.126423, 0.189671, 0.2557, 0.324016, 0.394887, 0.468926, 0.546912, 0.629717, 0.718278, 0.813595, 0.916727, 1.02881, 1.15105, 1.28475, 1.43134, 1.59233, 1.76942, 1.96441, 2.17933, 2.41636, 2.67793, 2.96669, 3.28557, 3.63779, 4.02693, 4.45691, 4.93207, 5.45719, 6.03757, 6.67904, 7.38805, 8.17173, 9.03797, 9.99545, 11.0538, 12.2236, 13.5167, 14.946, 16.5258, 18.272, 20.2021, 22.3355, 24.6935, 27.2998, 30.1805, 33.3644, 36.8835, 40.7731, 45.0721, 49.8235, 55.075, 60.8791, 67.294, 74.384, 82.2199, 90.8804, 100.452
0.00043721, 0.0165515, 0.0585109, 0.115011, 0.178303, 0.245117, 0.314459, 0.386379, 0.4614, 0.540271, 0.623857, 0.713101, 0.80901, 0.912654, 1.02517, 1.14779, 1.28182, 1.42867, 1.5899, 1.76718, 1.96234, 2.1774, 2.41454, 2.6762, 2.96503, 3.28396, 3.63623, 4.0254, 4.4554, 4.93056, 5.45568, 6.03605, 6.6775, 7.38649, 8.17015, 9.03635, 9.99379, 11.0521, 12.2219, 13.5149, 14.9441, 16.5239, 18.27, 20.2001, 22.3333, 24.6913, 27.2975, 30.1781, 33.362, 36.881, 40.7705, 45.0693, 49.8206, 55.072, 60.876, 67.2908, 74.3807, 82.2165, 90.8768, 100.448
0.000241572, 0.0127287, 0.050865, 0.105863, 0.169121, 0.236539, 0.306701, 0.379466, 0.455284, 0.534873, 0.619094, 0.708894, 0.805285, 0.909345, 1.02222, 1.14515, 1.27944, 1.42652, 1.58793, 1.76537, 1.96067, 2.17583, 2.41307, 2.6748, 2.96368, 3.28267, 3.63497, 4.02416, 4.45418, 4.92935, 5.45447, 6.03483, 6.67627, 7.38524, 8.16887, 9.03505, 9.99246, 11.0507, 12.2205, 13.5134, 14.9426, 16.5223, 18.2684, 20.1984, 22.3316, 24.6895, 27.2956, 30.1762, 33.36, 36.8789, 40.7683, 45.0671, 49.8183, 55.0696, 60.8736, 67.2883, 74.378, 82.2137, 90.8739, 100.445
0.000132926, 0.0100396, 0.0452127, 0.0989931, 0.162182, 0.230041, 0.300816, 0.37422, 0.45064, 0.530775, 0.615479, 0.7057, 0.802458, 0.906834, 1.01998, 1.14314, 1.27763, 1.42488, 1.58644, 1.764, 1.9594, 2.17465, 2.41195, 2.67374, 2.96267, 3.28169, 3.63402, 4.02323, 4.45326, 4.92843, 5.45355, 6.03391, 6.67534, 7.3843, 8.16791, 9.03407, 9.99145, 11.0497, 12.2194, 13.5124, 14.9415, 16.5212, 18.2672, 20.1972, 22.3303, 24.6882, 27.2943, 30.1747, 33.3585, 36.8774, 40.7667, 45.0654, 49.8166, 55.0678, 60.8717, 67.2863, 74.376, 82.2116, 90.8717, 100.443
7.63561e-05, 0.00833214, 0.0414853, 0.0944098, 0.157533, 0.225678, 0.296861, 0.370693, 0.447518, 0.528019, 0.613047, 0.703553, 0.800557, 0.905146, 1.01848, 1.14179, 1.27642, 1.42378, 1.58544, 1.76308, 1.95855, 2.17385, 2.4112, 2.67303, 2.96199, 3.28103, 3.63338, 4.02261, 4.45264, 4.92782, 5.45294, 6.03329, 6.67472, 7.38367, 8.16727, 9.03341, 9.99078, 11.049, 12.2187, 13.5116, 14.9407, 16.5204, 18.2664, 20.1963, 22.3295, 24.6873, 27.2933, 30.1738, 33.3575, 36.8764, 40.7657, 45.0643, 49.8155, 55.0666, 60.8705, 67.285, 74.3746, 82.2102, 90.8703, 100.442
5.23924e-05, 0.00750403, 0.0396342, 0.0921174, 0.155201, 0.223487, 0.294874, 0.368921, 0.445949, 0.526634, 0.611825, 0.702474, 0.799601, 0.904298, 1.01772, 1.14112, 1.27581, 1.42323, 1.58494, 1.76262, 1.95812, 2.17345, 2.41083, 2.67267, 2.96165, 3.2807, 3.63306, 4.02229, 4.45233, 4.92751, 5.45263, 6.03298, 6.6744, 7.38335, 8.16695, 9.03308, 9.99045, 11.0487, 12.2184, 13.5113, 14.9404, 16.52, 18.266, 20.1959, 22.3291, 24.6868, 27.2929, 30.1733, 33.357, 36.8759, 40.7651, 45.0638, 49.8149, 55.066, 60.8698, 67.2844, 74.374, 82.2095, 90.8696, 100.441
5.23924e-05, 0.00750403, 0.0396342, 0.0921174, 0.155201, 0.223487, 0.294874, 0.368921, 0.445949, 0.526634, 0.611825, 0.702474, 0.799601, 0.904298, 1.01772, 1.14112, 1.27581, 1.42323, 1.58494, 1.76262, 1.95812, 2.17345, 2.41083, 2.67267, 2.96165, 3.2807, 3.63306, 4.02229, 4.45233, 4.92751, 5.45263, 6.03298, 6.6744, 7.38335, 8.16695, 9.03308, 9.99045, 11.0487, 12.2184, 13.5113, 14.9404, 16.52, 18.266, 20.1959, 22.3291, 24.6868, 27.2929, 30.1733, 33.357, 36.8759, 40.7651, 45.0638, 49.8149, 55.066, 60.8698, 67.2844, 74.374, 82.2095, 90.8696, 100.441
