-2.0339
-1.9661
-1.89831
-1.83051
-1.76271
-1.69492
-1.62712
-1.55932
-1.49153
-1.42373
-1.35593
-1.28814
-1.22034
-1.15254
-1.08475
-1.01695
-0.949153
-0.881356
-0.813559
-0.745763
-0.677966
-0.610169
-0.542373
-0.474576
-0.40678
-0.338983
-0.271186
-0.20339
-0.135593
-0.0677966
0
0.0677966
0.135593
0.20339
0.271186
0.338983
0.40678
0.474576
0.542373
0.610169
0.677966
0.745763
0.813559
0.881356
0.949153
1.01695
1.08475
1.15254
1.22034
1.28814
1.35593
1.42373
1.49153
1.55932
1.62712
1.69492
1.76271
1.83051
1.89831
1.9661
2.0339
